"","FTR","avgOddsH","avgOddsD","avgOddsA","PredictedOutcome","Upset","H_W","A_W","H_D","A_D","H_L","A_L","H_avg_scored","A_avg_scored","H_avg_conceeded","A_avg_conceeded","H_goalDiff","A_goalDiff","UpsetNumeric"
"1","H",1.262,5.89,12.602,"H","No",64,36,26,23,23,55,1.86,1.19,1.02,1.45,95,-29,0
"2","D",3.078,3.336,2.362,"A","Yes",46,40,28,35,40,39,1.42,1.48,1.35,1.31,8,20,1
"3","A",1.364,4.97,9.72,"H","Yes",57,40,34,24,23,50,1.45,1.17,0.89,1.5,64,-38,1
"4","A",2.436,3.242,3.034,"H","Yes",8,17,6,18,24,40,1.11,0.92,1.92,1.71,-31,-59,1
"5","A",1.96,3.394,4.15,"H","Yes",40,13,29,16,45,47,1.14,0.76,1.37,1.75,-26,-75,1
"6","D",2.252,3.318,3.346,"H","Yes",33,22,33,35,48,57,1.01,0.95,1.32,1.61,-35,-76,1
"7","A",3.592,3.45,2.092,"A","No",40,64,34,28,40,21,1.37,1.88,1.42,0.99,-6,100,0
"8","H",1.35,5.106,9.13,"H","No",56,48,30,25,28,41,1.69,1.35,1.23,1.07,53,32,0
"9","A",5.14,4.062,1.656,"A","No",18,66,19,25,38,23,1.09,2.05,1.69,1.04,-45,116,0
"10","A",8.414,4.762,1.402,"A","No",18,68,19,26,39,20,0.88,1.9,1.42,1.04,-41,99,0
"11","D",2.492,3.322,2.936,"H","Yes",13,18,16,19,47,38,0.76,1.09,1.75,1.69,-75,-45,1
"12","H",1.22,6.506,14.44,"H","No",68,46,26,28,20,40,1.9,1.42,1.04,1.35,99,8,0
"13","A",2.448,3.19,3.05,"H","Yes",36,40,23,34,55,40,1.19,1.37,1.45,1.42,-29,-6,1
"14","D",2.754,3.33,2.652,"A","Yes",40,64,35,26,39,23,1.48,1.86,1.31,1.02,20,95,1
"15","D",1.876,3.612,4.32,"H","Yes",48,33,25,33,41,48,1.35,1.01,1.07,1.32,32,-35,1
"16","H",1.67,3.816,5.486,"H","No",40,18,24,19,50,39,1.17,0.88,1.5,1.42,-38,-41,0
"17","D",2.446,3.226,3.112,"H","Yes",17,40,18,29,40,45,0.92,1.14,1.71,1.37,-59,-26,1
"18","D",4.75,3.796,1.764,"A","Yes",22,57,35,34,57,23,0.95,1.45,1.61,0.89,-76,64,1
"19","H",1.462,4.394,7.55,"H","No",64,8,28,6,21,24,1.88,1.11,0.99,1.92,100,-31,0
"20","H",1.85,3.83,4.192,"H","No",66,56,25,30,23,28,2.05,1.69,1.04,1.23,116,53,0
"21","D",5.792,4.056,1.604,"A","Yes",18,57,19,34,39,23,0.88,1.45,1.42,0.89,-41,64,1
"22","A",3.628,3.326,2.158,"A","No",40,68,35,26,39,20,1.48,1.9,1.31,1.04,20,99,0
"23","A",1.188,7.12,16.09,"H","Yes",66,40,25,29,23,45,2.05,1.14,1.04,1.37,116,-26,1
"24","D",1.748,3.626,5.016,"H","Yes",18,36,19,23,38,55,1.09,1.19,1.69,1.45,-45,-29,1
"25","H",2.456,3.246,3.03,"H","No",8,22,6,35,24,57,1.11,0.95,1.92,1.61,-31,-76,0
"26","H",1.846,3.552,4.464,"H","No",40,33,24,33,50,48,1.17,1.01,1.5,1.32,-38,-35,0
"27","A",2.69,3.316,2.698,"H","Yes",40,48,34,25,40,41,1.37,1.35,1.42,1.07,-6,32,1
"28","H",2.266,3.212,3.426,"H","No",13,17,16,18,47,40,0.76,0.92,1.75,1.71,-75,-59,0
"29","D",4.524,3.64,1.822,"A","Yes",46,64,28,26,40,23,1.42,1.86,1.35,1.02,8,95,1
"30","A",2.678,3.356,2.694,"H","Yes",64,56,28,30,21,28,1.88,1.69,0.99,1.23,100,53,1
"31","D",2.9,3.436,2.476,"A","Yes",64,66,26,25,23,23,1.86,2.05,1.02,1.04,95,116,1
"32","H",1.3,5.374,10.908,"H","No",68,40,26,24,20,50,1.9,1.17,1.04,1.5,99,-38,0
"33","D",2.166,3.29,3.572,"H","Yes",36,18,23,19,55,39,1.19,0.88,1.45,1.42,-29,-41,1
"34","A",1.294,5.624,10.97,"H","Yes",56,13,30,16,28,47,1.69,0.76,1.23,1.75,53,-75,1
"35","H",1.83,3.576,4.572,"H","No",48,18,25,19,41,38,1.35,1.09,1.07,1.69,32,-45,0
"36","A",2.08,3.35,3.784,"H","Yes",40,46,29,28,45,40,1.14,1.42,1.37,1.35,-26,8,1
"37","D",3.582,3.4,2.11,"A","Yes",22,64,35,28,57,21,0.95,1.88,1.61,0.99,-76,100,1
"38","A",3.434,3.356,2.182,"A","No",33,40,33,35,48,39,1.01,1.48,1.32,1.31,-35,20,0
"39","H",1.292,5.656,11.558,"H","No",57,8,34,6,23,24,1.45,1.11,0.89,1.92,64,-31,0
"40","D",2.2,3.326,3.512,"H","Yes",17,40,18,34,40,40,0.92,1.37,1.71,1.42,-59,-6,1
"41","A",4.432,3.566,1.846,"A","No",13,64,16,26,47,23,0.76,1.86,1.75,1.02,-75,95,0
"42","D",2.548,3.242,2.944,"H","Yes",18,22,19,35,39,57,0.88,0.95,1.42,1.61,-41,-76,1
"43","D",2.178,3.33,3.582,"H","Yes",18,17,19,18,38,40,1.09,0.92,1.69,1.71,-45,-59,1
"44","D",2.734,3.16,2.802,"H","Yes",8,40,6,29,24,45,1.11,1.14,1.92,1.37,-31,-26,1
"45","A",2.466,3.318,2.986,"H","Yes",40,48,24,25,50,41,1.17,1.35,1.5,1.07,-38,32,1
"46","H",4.388,3.778,1.818,"A","Yes",40,56,34,30,40,28,1.37,1.69,1.42,1.23,-6,53,1
"47","A",1.42,4.538,8.154,"H","Yes",40,36,35,23,39,55,1.48,1.19,1.31,1.45,20,-29,1
"48","H",5.298,4.026,1.64,"A","Yes",46,57,28,34,40,23,1.42,1.45,1.35,0.89,8,64,1
"49","D",2.388,3.432,2.994,"H","Yes",66,68,25,26,23,20,2.05,1.9,1.04,1.04,116,99,1
"50","A",1.524,4.21,6.47,"H","Yes",64,33,28,33,21,48,1.88,1.01,0.99,1.32,100,-35,1
"51","D",1.79,3.732,4.664,"H","Yes",64,64,26,28,23,21,1.86,1.88,1.02,0.99,95,100,1
"52","H",1.232,6.31,13.96,"H","No",68,13,26,16,20,47,1.9,0.76,1.04,1.75,99,-75,0
"53","H",2.584,3.294,2.82,"H","No",36,46,23,28,55,40,1.19,1.42,1.45,1.35,-29,8,0
"54","A",6.108,4.064,1.568,"A","No",17,66,18,25,40,23,0.92,2.05,1.71,1.04,-59,116,0
"55","D",1.894,3.692,4.154,"H","Yes",56,40,30,35,28,39,1.69,1.48,1.23,1.31,53,20,1
"56","H",1.38,5.108,7.852,"H","No",57,40,34,34,23,40,1.45,1.37,0.89,1.42,64,-6,0
"57","H",1.466,4.352,7.348,"H","No",48,8,25,6,41,24,1.35,1.11,1.07,1.92,32,-31,0
"58","D",2.772,3.216,2.694,"A","Yes",22,40,35,24,57,50,0.95,1.17,1.61,1.5,-76,-38,1
"59","H",1.982,3.442,4.058,"H","No",33,18,33,19,48,39,1.01,0.88,1.32,1.42,-35,-41,0
"60","H",2.136,3.324,3.672,"H","No",40,18,29,19,45,38,1.14,1.09,1.37,1.69,-26,-45,0
"61","A",6.88,4.3,1.512,"A","No",13,66,16,25,47,23,0.76,2.05,1.75,1.04,-75,116,0
"62","H",2.114,3.368,3.678,"H","No",17,36,18,23,40,55,0.92,1.19,1.71,1.45,-59,-29,0
"63","D",1.788,3.594,4.832,"H","Yes",46,18,28,19,40,39,1.42,0.88,1.35,1.42,8,-41,1
"64","H",1.448,4.572,7.29,"H","No",56,33,30,33,28,48,1.69,1.01,1.23,1.32,53,-35,0
"65","H",2.51,3.166,3.018,"H","No",22,40,35,29,57,45,0.95,1.14,1.61,1.37,-76,-26,0
"66","D",1.878,3.55,4.32,"H","Yes",40,18,24,19,50,38,1.17,1.09,1.5,1.69,-38,-45,1
"67","H",1.678,3.93,5.228,"H","No",68,64,26,26,20,23,1.9,1.86,1.04,1.02,99,95,0
"68","H",1.672,3.998,5.214,"H","No",57,40,34,35,23,39,1.45,1.48,0.89,1.31,64,20,0
"69","H",2.152,3.43,3.486,"H","No",64,48,28,25,21,41,1.88,1.35,0.99,1.07,100,32,0
"70","H",1.914,3.512,4.288,"H","No",40,8,34,6,40,24,1.37,1.11,1.42,1.92,-6,-31,0
"71","D",1.414,4.7,7.998,"H","Yes",64,17,26,18,23,40,1.86,0.92,1.02,1.71,95,-59,1
"72","A",2.756,3.294,2.69,"A","No",18,40,19,34,39,40,0.88,1.37,1.42,1.42,-41,-6,0
"73","A",7.96,4.566,1.426,"A","No",36,68,23,26,55,20,1.19,1.9,1.45,1.04,-29,99,0
"74","H",1.608,3.918,5.872,"H","No",40,13,35,16,39,47,1.48,0.76,1.31,1.75,20,-75,0
"75","H",1.474,4.474,7.254,"H","No",66,64,25,28,23,21,2.05,1.88,1.04,0.99,116,100,0
"76","H",2.19,3.438,3.332,"H","No",18,46,19,28,38,40,1.09,1.42,1.69,1.35,-45,8,0
"77","H",1.608,3.854,6.028,"H","No",48,22,25,35,41,57,1.35,0.95,1.07,1.61,32,-76,0
"78","A",5.774,4.02,1.612,"A","No",8,56,6,30,24,28,1.11,1.69,1.92,1.23,-31,53,0
"79","H",2.464,3.272,3.024,"H","No",40,40,29,24,45,50,1.14,1.17,1.37,1.5,-26,-38,0
"80","D",4.85,3.934,1.73,"A","Yes",33,57,33,34,48,23,1.01,1.45,1.32,0.89,-35,64,1
"81","D",1.434,4.588,7.518,"H","Yes",56,17,30,18,28,40,1.69,0.92,1.23,1.71,53,-59,1
"82","H",1.63,3.89,5.828,"H","No",48,40,25,29,41,45,1.35,1.14,1.07,1.37,32,-26,0
"83","A",5.172,3.78,1.708,"A","No",22,64,35,26,57,23,0.95,1.86,1.61,1.02,-76,95,0
"84","H",1.924,3.594,4.114,"H","No",40,46,24,28,50,40,1.17,1.42,1.5,1.35,-38,8,0
"85","D",1.902,3.494,4.19,"H","Yes",33,36,33,23,48,55,1.01,1.19,1.32,1.45,-35,-29,1
"86","H",6.052,4.328,1.548,"A","Yes",40,66,34,25,40,23,1.37,2.05,1.42,1.04,-6,116,1
"87","A",4.474,3.652,1.836,"A","No",18,40,19,35,39,39,0.88,1.48,1.42,1.31,-41,20,0
"88","D",2.79,3.44,2.52,"A","Yes",57,68,34,26,23,20,1.45,1.9,0.89,1.04,64,99,1
"89","A",1.742,3.796,4.866,"H","Yes",64,18,28,19,21,38,1.88,1.09,0.99,1.69,100,-45,1
"90","H",2.362,3.274,3.17,"H","No",8,13,6,16,24,47,1.11,0.76,1.92,1.75,-31,-75,0
"91","H",1.272,5.842,11.746,"H","No",64,18,26,19,23,39,1.86,0.88,1.02,1.42,95,-41,0
"92","H",1.178,7.31,17.798,"H","No",68,8,26,6,20,24,1.9,1.11,1.04,1.92,99,-31,0
"93","D",1.742,3.73,4.948,"H","Yes",40,40,35,24,39,50,1.48,1.17,1.31,1.5,20,-38,1
"94","A",3.702,3.462,2.056,"A","No",17,48,18,25,40,41,0.92,1.35,1.71,1.07,-59,32,0
"95","A",2.28,3.392,3.214,"H","Yes",46,33,28,33,40,48,1.42,1.01,1.35,1.32,8,-35,1
"96","H",3.734,3.578,2.03,"A","Yes",18,56,19,30,38,28,1.09,1.69,1.69,1.23,-45,53,1
"97","D",2.37,3.314,3.124,"H","Yes",40,40,29,34,45,40,1.14,1.37,1.37,1.42,-26,-6,1
"98","A",3.628,3.486,2.096,"A","No",13,64,16,28,47,21,0.76,1.88,1.75,0.99,-75,100,0
"99","H",1.914,3.672,4.092,"H","No",66,57,25,34,23,23,2.05,1.45,1.04,0.89,116,64,0
"100","A",2.106,3.416,3.672,"H","Yes",36,22,23,35,55,57,1.19,0.95,1.45,1.61,-29,-76,1
"101","H",2.524,3.292,2.874,"H","No",18,17,19,18,39,40,0.88,0.92,1.42,1.71,-41,-59,0
"102","A",3.262,3.342,2.282,"A","No",56,68,30,26,28,20,1.69,1.9,1.23,1.04,53,99,0
"103","H",1.32,5.534,9.54,"H","No",57,36,34,23,23,55,1.45,1.19,0.89,1.45,64,-29,0
"104","D",6.628,4.402,1.496,"A","Yes",8,66,6,25,24,23,1.11,2.05,1.92,1.04,-31,116,1
"105","H",1.452,4.516,7.328,"H","No",48,46,25,28,41,40,1.35,1.42,1.07,1.35,32,8,0
"106","D",1.75,3.636,5.024,"H","Yes",40,13,34,16,40,47,1.37,0.76,1.42,1.75,-6,-75,1
"107","D",3.774,3.416,2.04,"A","Yes",22,40,35,35,57,39,0.95,1.48,1.61,1.31,-76,20,1
"108","H",3.508,3.42,2.118,"A","Yes",40,64,24,26,50,23,1.17,1.86,1.5,1.02,-38,95,1
"109","A",1.67,3.792,5.442,"H","Yes",64,40,28,29,21,45,1.88,1.14,0.99,1.37,100,-26,1
"110","A",2.312,3.37,3.144,"H","Yes",33,18,33,19,48,38,1.01,1.09,1.32,1.69,-35,-45,1
"111","A",2.202,3.444,3.302,"H","Yes",64,57,26,34,23,23,1.86,1.45,1.02,0.89,95,64,1
"112","H",1.232,6.278,13.642,"H","No",68,33,26,33,20,48,1.9,1.01,1.04,1.32,99,-35,0
"113","H",1.826,3.694,4.384,"H","No",40,40,35,34,39,40,1.48,1.37,1.31,1.42,20,-6,0
"114","D",2.14,3.422,3.494,"H","Yes",46,22,28,35,40,57,1.42,0.95,1.35,1.61,8,-76,1
"115","H",1.388,5.002,7.99,"H","No",66,40,25,24,23,50,2.05,1.17,1.04,1.5,116,-38,0
"116","H",1.828,3.592,4.48,"H","No",18,8,19,6,38,24,1.09,1.11,1.69,1.92,-45,-31,0
"117","A",1.696,3.728,5.3,"H","Yes",40,18,29,19,45,39,1.14,0.88,1.37,1.42,-26,-41,1
"118","H",4.276,3.628,1.866,"A","Yes",36,56,23,30,55,28,1.19,1.69,1.45,1.23,-29,53,1
"119","A",3.454,3.372,2.172,"A","No",17,64,18,28,40,21,0.92,1.88,1.71,0.99,-59,100,0
"120","D",4.764,3.628,1.774,"A","Yes",13,48,16,25,47,41,0.76,1.35,1.75,1.07,-75,32,1
"121","D",2.16,3.306,3.49,"H","Yes",18,13,19,16,39,47,0.88,0.76,1.42,1.75,-41,-75,1
"122","H",1.716,3.902,4.952,"H","No",56,40,30,29,28,45,1.69,1.14,1.23,1.37,53,-26,0
"123","H",1.31,5.53,10.06,"H","No",57,17,34,18,23,40,1.45,0.92,0.89,1.71,64,-59,0
"124","H",2.306,3.342,3.186,"H","No",8,46,6,28,24,40,1.11,1.42,1.92,1.35,-31,8,0
"125","D",8.5,4.77,1.396,"A","Yes",22,68,35,26,57,20,0.95,1.9,1.61,1.04,-76,99,1
"126","D",1.788,3.616,4.688,"H","Yes",40,36,24,23,50,55,1.17,1.19,1.5,1.45,-38,-29,1
"127","A",4.276,3.67,1.872,"A","No",33,64,33,26,48,23,1.01,1.86,1.32,1.02,-35,95,0
"128","H",2.174,3.408,3.412,"H","No",40,18,34,19,40,38,1.37,1.09,1.42,1.69,-6,-45,0
"129","A",3.136,3.46,2.318,"A","No",48,66,25,25,41,23,1.35,2.05,1.07,1.04,32,116,0
"130","H",2.288,3.476,3.188,"H","No",64,40,28,35,21,39,1.88,1.48,0.99,1.31,100,20,0
"131","D",2.784,3.248,2.668,"A","Yes",18,18,19,19,39,38,0.88,1.09,1.42,1.69,-41,-45,1
"132","A",2.086,3.324,3.8,"H","Yes",36,13,23,16,55,47,1.19,0.76,1.45,1.75,-29,-75,1
"133","A",3.71,3.516,2.058,"A","No",46,56,28,30,40,28,1.42,1.69,1.35,1.23,8,53,0
"134","H",1.434,4.47,7.84,"H","No",57,40,34,29,23,45,1.45,1.14,0.89,1.37,64,-26,0
"135","H",1.75,3.702,4.966,"H","No",40,8,24,6,50,24,1.17,1.11,1.5,1.92,-38,-31,0
"136","A",2.488,3.316,2.942,"H","Yes",33,40,33,34,48,40,1.01,1.37,1.32,1.42,-35,-6,1
"137","H",1.796,3.682,4.694,"H","No",64,48,26,25,23,41,1.86,1.35,1.02,1.07,95,32,0
"138","H",1.408,4.766,8.164,"H","No",68,64,26,28,20,21,1.9,1.88,1.04,0.99,99,100,0
"139","D",1.536,4.108,6.46,"H","Yes",40,17,35,18,39,40,1.48,0.92,1.31,1.71,20,-59,1
"140","A",6.766,4.32,1.512,"A","No",22,66,35,25,57,23,0.95,2.05,1.61,1.04,-76,116,0
"141","D",2.404,3.238,3.116,"H","Yes",17,33,18,33,40,48,0.92,1.01,1.71,1.32,-59,-35,1
"142","D",1.536,4.192,6.73,"H","Yes",56,22,30,35,28,57,1.69,0.95,1.23,1.61,53,-76,1
"143","H",1.53,4.46,6.236,"H","No",66,40,25,35,23,39,2.05,1.48,1.04,1.31,116,20,0
"144","H",6.626,4.1,1.55,"A","Yes",18,68,19,26,38,20,1.09,1.9,1.69,1.04,-45,99,1
"145","H",2.086,3.356,3.74,"H","No",8,18,6,19,24,39,1.11,0.88,1.92,1.42,-31,-41,0
"146","H",3.95,3.466,1.984,"A","Yes",40,64,29,26,45,23,1.14,1.86,1.37,1.02,-26,95,1
"147","D",1.604,3.988,5.676,"H","Yes",64,36,28,23,21,55,1.88,1.19,0.99,1.45,100,-29,1
"148","H",2.334,3.32,3.216,"H","No",13,46,16,28,47,40,0.76,1.42,1.75,1.35,-75,8,0
"149","H",2.348,3.366,3.124,"H","No",40,40,34,24,40,50,1.37,1.17,1.42,1.5,-6,-38,0
"150","A",2.82,3.36,2.576,"A","No",48,57,25,34,41,23,1.35,1.45,1.07,0.89,32,64,0
"151","H",1.448,4.506,7.276,"H","No",64,18,26,19,23,38,1.86,1.09,1.02,1.69,95,-45,0
"152","H",5,3.61,1.764,"A","Yes",18,48,19,25,39,41,0.88,1.35,1.42,1.07,-41,32,1
"153","H",1.174,7.234,17.492,"H","No",68,17,26,18,20,40,1.9,0.92,1.04,1.71,99,-59,0
"154","D",2.558,3.238,2.932,"H","Yes",36,40,23,29,55,45,1.19,1.14,1.45,1.37,-29,-26,1
"155","A",6.554,4.518,1.492,"A","No",46,66,28,25,40,23,1.42,2.05,1.35,1.04,8,116,0
"156","D",2.836,3.312,2.584,"A","Yes",22,40,35,34,57,40,0.95,1.37,1.61,1.42,-76,-6,1
"157","H",2.178,3.304,3.524,"H","No",33,13,33,16,48,47,1.01,0.76,1.32,1.75,-35,-75,0
"158","H",1.816,3.728,4.466,"H","No",57,56,34,30,23,28,1.45,1.69,0.89,1.23,64,53,0
"159","A",2.52,3.344,2.834,"H","Yes",40,64,24,28,50,21,1.17,1.88,1.5,0.99,-38,100,1
"160","H",1.462,4.38,7.35,"H","No",40,8,35,6,39,24,1.48,1.11,1.31,1.92,20,-31,0
"161","D",5.98,3.96,1.61,"A","Yes",13,57,16,34,47,23,0.76,1.45,1.75,0.89,-75,64,1
"162","A",2.94,3.256,2.546,"A","No",17,40,18,24,40,50,0.92,1.17,1.71,1.5,-59,-38,0
"163","H",1.3,5.54,10.888,"H","No",66,36,25,23,23,55,2.05,1.19,1.04,1.45,116,-29,0
"164","H",2.416,3.294,3.076,"H","No",8,33,6,33,24,48,1.11,1.01,1.92,1.32,-31,-35,0
"165","H",2.434,3.392,2.972,"H","No",48,40,25,35,41,39,1.35,1.48,1.07,1.31,32,20,0
"166","H",1.504,4.286,6.774,"H","No",64,18,28,19,21,39,1.88,0.88,0.99,1.42,100,-41,0
"167","H",1.714,3.776,5.07,"H","No",40,46,34,28,40,40,1.37,1.42,1.42,1.35,-6,8,0
"168","D",2.756,3.438,2.568,"A","Yes",56,64,30,26,28,23,1.69,1.86,1.23,1.02,53,95,1
"169","A",2.05,3.408,3.864,"H","Yes",18,22,19,35,38,57,1.09,0.95,1.69,1.61,-45,-76,1
"170","A",5.842,3.95,1.616,"A","No",40,68,29,26,45,20,1.14,1.9,1.37,1.04,-26,99,0
"171","H",1.286,5.78,10.952,"H","No",64,8,26,6,23,24,1.86,1.11,1.02,1.92,95,-31,0
"172","A",4.45,3.664,1.82,"A","No",18,56,19,30,39,28,0.88,1.69,1.42,1.23,-41,53,0
"173","H",1.334,5.312,9.216,"H","No",68,40,26,34,20,40,1.9,1.37,1.04,1.42,99,-6,0
"174","A",3.482,3.3,2.192,"A","No",36,48,23,25,55,41,1.19,1.35,1.45,1.07,-29,32,0
"175","A",1.798,3.55,4.772,"H","Yes",40,40,35,29,39,45,1.48,1.14,1.31,1.37,20,-26,1
"176","A",3.7,3.48,2.044,"A","No",46,64,28,28,40,21,1.42,1.88,1.35,0.99,8,100,0
"177","H",1.386,4.866,8.27,"H","No",57,18,34,19,23,38,1.45,1.09,0.89,1.69,64,-45,0
"178","A",2.042,3.314,3.954,"H","Yes",22,17,35,18,57,40,0.95,0.92,1.61,1.71,-76,-59,1
"179","H",1.76,3.578,4.964,"H","No",40,13,24,16,50,47,1.17,0.76,1.5,1.75,-38,-75,0
"180","A",6.43,4.23,1.518,"A","No",33,66,33,25,48,23,1.01,2.05,1.32,1.04,-35,116,0
"181","D",2.326,3.192,3.26,"H","Yes",13,22,16,35,47,57,0.76,0.95,1.75,1.61,-75,-76,1
"182","A",2.236,3.296,3.32,"H","Yes",17,46,18,28,40,40,0.92,1.42,1.71,1.35,-59,8,1
"183","D",1.174,7.31,17.2,"H","Yes",66,18,25,19,23,39,2.05,0.88,1.04,1.42,116,-41,1
"184","H",2.806,3.364,2.55,"A","Yes",18,40,19,35,38,39,1.09,1.48,1.69,1.31,-45,20,1
"185","D",2.36,3.328,3.07,"H","Yes",8,36,6,23,24,55,1.11,1.19,1.92,1.45,-31,-29,1
"186","D",4.636,3.65,1.812,"A","Yes",48,68,25,26,41,20,1.35,1.9,1.07,1.04,32,99,1
"187","H",1.89,3.532,4.222,"H","No",40,33,29,33,45,48,1.14,1.01,1.37,1.32,-26,-35,0
"188","D",3.14,3.484,2.278,"A","Yes",64,57,28,34,21,23,1.88,1.45,0.99,0.89,100,64,1
"189","A",3.366,3.488,2.144,"A","No",40,64,34,26,40,23,1.37,1.86,1.42,1.02,-6,95,0
"190","H",1.69,3.852,5.21,"H","No",56,40,30,24,28,50,1.69,1.17,1.23,1.5,53,-38,0
"191","D",2.402,3.218,3.156,"H","Yes",13,36,16,23,47,55,0.76,1.19,1.75,1.45,-75,-29,1
"192","H",3.228,3.328,2.3,"A","Yes",17,40,18,35,40,39,0.92,1.48,1.71,1.31,-59,20,1
"193","D",1.412,4.788,8.086,"H","Yes",56,46,30,28,28,40,1.69,1.42,1.23,1.35,53,8,1
"194","H",1.244,6.274,12.43,"H","No",66,22,25,35,23,57,2.05,0.95,1.04,1.61,116,-76,0
"195","D",1.802,3.648,4.632,"H","Yes",18,18,19,19,38,39,1.09,0.88,1.69,1.42,-45,-41,1
"196","D",2.884,3.328,2.512,"A","Yes",8,40,6,24,24,50,1.11,1.17,1.92,1.5,-31,-38,1
"197","H",2.848,3.344,2.56,"A","Yes",48,64,25,26,41,23,1.35,1.86,1.07,1.02,32,95,1
"198","D",4.004,3.45,1.986,"A","Yes",40,57,29,34,45,23,1.14,1.45,1.37,0.89,-26,64,1
"199","H",4.522,3.664,1.808,"A","Yes",64,68,28,26,21,20,1.88,1.9,0.99,1.04,100,99,1
"200","D",1.842,3.622,4.352,"H","Yes",40,33,34,33,40,48,1.37,1.01,1.42,1.32,-6,-35,1
"201","H",2.192,3.324,3.43,"H","No",18,8,19,6,39,24,0.88,1.11,1.42,1.92,-41,-31,0
"202","H",1.204,6.6,15.66,"H","No",68,18,26,19,20,38,1.9,1.09,1.04,1.69,99,-45,0
"203","H",3.498,3.384,2.188,"A","Yes",36,64,23,28,55,21,1.19,1.88,1.45,0.99,-29,100,1
"204","D",4.23,3.632,1.872,"A","Yes",40,66,35,25,39,23,1.48,2.05,1.31,1.04,20,116,1
"205","H",2.216,3.288,3.438,"H","No",46,13,28,16,40,47,1.42,0.76,1.35,1.75,8,-75,0
"206","A",4.176,3.528,1.906,"A","No",22,56,35,30,57,28,0.95,1.69,1.61,1.23,-76,53,0
"207","D",2.248,3.344,3.31,"H","Yes",40,40,24,34,50,40,1.17,1.37,1.5,1.42,-38,-6,1
"208","H",2.038,3.334,3.94,"H","No",33,17,33,18,48,40,1.01,0.92,1.32,1.71,-35,-59,0
"209","H",1.468,4.432,7.534,"H","No",64,40,26,29,23,45,1.86,1.14,1.02,1.37,95,-26,0
"210","A",1.816,3.69,4.6,"H","Yes",57,48,34,25,23,41,1.45,1.35,0.89,1.07,64,32,1
"211","A",4.336,3.5,1.89,"A","No",13,56,16,30,47,28,0.76,1.69,1.75,1.23,-75,53,0
"212","A",2.494,3.224,3.036,"H","Yes",18,36,19,23,39,55,0.88,1.19,1.42,1.45,-41,-29,1
"213","A",2.596,3.254,2.824,"H","Yes",46,40,28,29,40,45,1.42,1.14,1.35,1.37,8,-26,1
"214","A",3.184,3.302,2.332,"A","No",18,48,19,25,38,41,1.09,1.35,1.69,1.07,-45,32,0
"215","A",5.458,4.046,1.63,"A","No",8,57,6,34,24,23,1.11,1.45,1.92,0.89,-31,64,0
"216","A",6.454,4.03,1.556,"A","No",40,68,24,26,50,20,1.17,1.9,1.5,1.04,-38,99,0
"217","H",1.598,4.052,5.7,"H","No",64,22,28,35,21,57,1.88,0.95,0.99,1.61,100,-76,0
"218","A",1.8,3.812,4.374,"H","Yes",66,64,25,26,23,23,2.05,1.86,1.04,1.02,116,95,1
"219","H",1.748,3.624,5.08,"H","No",40,17,34,18,40,40,1.37,0.92,1.42,1.71,-6,-59,0
"220","D",1.82,3.554,4.598,"H","Yes",40,33,35,33,39,48,1.48,1.01,1.31,1.32,20,-35,1
"221","D",2.102,3.454,3.632,"H","Yes",68,66,26,25,20,23,1.9,2.05,1.04,1.04,99,116,1
"222","A",2.75,3.218,2.708,"A","No",36,40,23,35,55,39,1.19,1.48,1.45,1.31,-29,20,0
"223","A",2.634,3.196,2.866,"H","Yes",17,18,18,19,40,38,0.92,1.09,1.71,1.69,-59,-45,1
"224","H",1.664,3.94,5.264,"H","No",56,40,30,34,28,40,1.69,1.37,1.23,1.42,53,-6,0
"225","H",1.348,5.156,9.03,"H","No",57,46,34,28,23,40,1.45,1.42,0.89,1.35,64,8,0
"226","H",1.662,3.832,5.438,"H","No",40,8,29,6,45,24,1.14,1.11,1.37,1.92,-26,-31,0
"227","H",2.2,3.254,3.518,"H","No",22,18,35,19,57,39,0.95,0.88,1.61,1.42,-76,-41,0
"228","A",2.836,3.222,2.596,"A","No",33,64,33,28,48,21,1.01,1.88,1.32,0.99,-35,100,0
"229","H",1.264,5.982,12.664,"H","No",64,13,26,16,23,47,1.86,0.76,1.02,1.75,95,-75,0
"230","A",1.62,3.848,6.044,"H","Yes",48,40,25,24,41,50,1.35,1.17,1.07,1.5,32,-38,1
"231","A",9.58,4.824,1.362,"A","No",13,68,16,26,47,20,0.76,1.9,1.75,1.04,-75,99,0
"232","D",3.252,3.394,2.28,"A","Yes",40,56,35,30,39,28,1.48,1.69,1.31,1.23,20,53,1
"233","A",2.378,3.288,3.12,"H","Yes",46,36,28,23,40,55,1.42,1.19,1.35,1.45,8,-29,1
"234","D",1.192,7.06,16.1,"H","Yes",66,17,25,18,23,40,2.05,0.92,1.04,1.71,116,-59,1
"235","A",4.38,3.516,1.868,"A","No",8,48,6,25,24,41,1.11,1.35,1.92,1.07,-31,32,0
"236","D",1.914,3.446,4.302,"H","Yes",40,22,24,35,50,57,1.17,0.95,1.5,1.61,-38,-76,1
"237","H",3.15,3.428,2.282,"A","Yes",64,64,28,26,21,23,1.88,1.86,0.99,1.02,100,95,1
"238","D",2.584,3.226,2.874,"H","Yes",18,33,19,33,39,48,0.88,1.01,1.42,1.32,-41,-35,1
"239","D",2.296,3.308,3.268,"H","Yes",18,40,19,29,38,45,1.09,1.14,1.69,1.37,-45,-26,1
"240","D",3.97,3.504,1.954,"A","Yes",40,57,34,34,40,23,1.37,1.45,1.42,0.89,-6,64,1
"241","H",1.294,5.628,11.042,"H","No",64,46,26,28,23,40,1.86,1.42,1.02,1.35,95,8,0
"242","H",2.324,3.132,3.426,"H","No",17,13,18,16,40,47,0.92,0.76,1.71,1.75,-59,-75,0
"243","H",1.91,3.718,4.038,"H","No",56,64,30,28,28,21,1.69,1.88,1.23,0.99,53,100,0
"244","A",1.898,3.548,4.31,"H","Yes",22,8,35,6,57,24,0.95,1.11,1.61,1.92,-76,-31,1
"245","H",1.33,5.196,9.538,"H","No",68,40,26,35,20,39,1.9,1.48,1.04,1.31,99,20,0
"246","D",2.362,3.25,3.156,"H","Yes",36,18,23,19,55,38,1.19,1.09,1.45,1.69,-29,-45,1
"247","H",1.294,5.686,10.284,"H","No",57,18,34,19,23,39,1.45,0.88,0.89,1.42,64,-41,0
"248","D",1.722,3.77,4.924,"H","Yes",48,40,25,34,41,40,1.35,1.37,1.07,1.42,32,-6,1
"249","A",5.218,3.746,1.698,"A","No",40,66,29,25,45,23,1.14,2.05,1.37,1.04,-26,116,0
"250","H",2.496,3.204,2.972,"H","No",33,40,33,24,48,50,1.01,1.17,1.32,1.5,-35,-38,0
"251","A",2.638,3.17,2.842,"H","Yes",13,40,16,29,47,45,0.76,1.14,1.75,1.37,-75,-26,1
"252","D",1.198,6.8,15.432,"H","Yes",68,18,26,19,20,39,1.9,0.88,1.04,1.42,99,-41,1
"253","A",4.596,3.666,1.806,"A","No",36,64,23,26,55,23,1.19,1.86,1.45,1.02,-29,95,0
"254","H",2.066,3.302,3.838,"H","No",17,8,18,6,40,24,0.92,1.11,1.71,1.92,-59,-31,0
"255","H",1.3,5.564,10.34,"H","No",66,18,25,19,23,38,2.05,1.09,1.04,1.69,116,-45,0
"256","D",2.594,3.14,2.918,"H","Yes",22,33,35,33,57,48,0.95,1.01,1.61,1.32,-76,-35,1
"257","H",3.874,3.452,2.01,"A","Yes",40,57,24,34,50,23,1.17,1.45,1.5,0.89,-38,64,1
"258","D",1.81,3.584,4.648,"H","Yes",40,46,35,28,39,40,1.48,1.42,1.31,1.35,20,8,1
"259","A",2.556,3.286,2.848,"H","Yes",48,56,25,30,41,28,1.35,1.69,1.07,1.23,32,53,1
"260","D",1.808,3.704,4.408,"H","Yes",64,40,28,34,21,40,1.88,1.37,0.99,1.42,100,-6,1
"261","A",2.63,3.28,2.808,"H","Yes",18,40,19,24,39,50,0.88,1.17,1.42,1.5,-41,-38,1
"262","H",1.366,4.96,9.34,"H","No",57,22,34,35,23,57,1.45,0.95,0.89,1.61,64,-76,0
"263","H",1.952,3.432,4.252,"H","No",18,13,19,16,38,47,1.09,0.76,1.69,1.75,-45,-75,0
"264","H",1.922,3.438,4.29,"H","No",40,17,29,18,45,40,1.14,0.92,1.37,1.71,-26,-59,0
"265","H",3.326,3.208,2.342,"A","Yes",33,48,33,25,48,41,1.01,1.35,1.32,1.07,-35,32,1
"266","A",2.098,3.4,3.662,"H","Yes",40,36,34,23,40,55,1.37,1.19,1.42,1.45,-6,-29,1
"267","H",1.558,4.3,6.12,"H","No",64,40,26,35,23,39,1.86,1.48,1.02,1.31,95,20,0
"268","H",3.022,3.478,2.368,"A","Yes",56,66,30,25,28,23,1.69,2.05,1.23,1.04,53,116,1
"269","H",2.77,3.108,2.826,"H","No",13,33,16,33,47,48,0.76,1.01,1.75,1.32,-75,-35,0
"270","D",2.174,3.228,3.714,"H","Yes",17,22,18,35,40,57,0.92,0.95,1.71,1.61,-59,-76,1
"271","H",1.702,3.708,5.362,"H","No",48,36,25,23,41,55,1.35,1.19,1.07,1.45,32,-29,0
"272","H",1.366,5.042,8.898,"H","No",56,18,30,19,28,39,1.69,0.88,1.23,1.42,53,-41,0
"273","H",1.252,6.326,11.884,"H","No",66,46,25,28,23,40,2.05,1.42,1.04,1.35,116,8,0
"274","A",3.988,3.478,1.982,"A","No",18,57,19,34,38,23,1.09,1.45,1.69,0.89,-45,64,0
"275","A",6.244,4.266,1.544,"A","No",8,64,6,26,24,23,1.11,1.86,1.92,1.02,-31,95,0
"276","H",2.468,3.272,2.99,"H","No",40,40,29,35,45,39,1.14,1.48,1.37,1.31,-26,20,0
"277","H",1.738,3.738,4.93,"H","No",64,40,28,24,21,50,1.88,1.17,0.99,1.5,100,-38,0
"278","A",5.87,3.976,1.622,"A","No",40,68,34,26,40,20,1.37,1.9,1.42,1.04,-6,99,0
"279","A",4.484,3.746,1.81,"A","No",8,64,6,28,24,21,1.11,1.88,1.92,0.99,-31,100,0
"280","H",1.396,4.852,8.176,"H","No",64,40,26,34,23,40,1.86,1.37,1.02,1.42,95,-6,0
"281","H",7.124,4.57,1.448,"A","Yes",18,66,19,25,39,23,0.88,2.05,1.42,1.04,-41,116,1
"282","H",1.824,3.646,4.478,"H","No",36,8,23,6,55,24,1.19,1.11,1.45,1.92,-29,-31,0
"283","D",2.192,3.268,3.496,"H","Yes",46,17,28,18,40,40,1.42,0.92,1.35,1.71,8,-59,1
"284","A",2.338,3.14,3.324,"H","Yes",22,13,35,16,57,47,0.95,0.76,1.61,1.75,-76,-75,1
"285","H",2.362,3.176,3.248,"H","No",33,40,33,29,48,45,1.01,1.14,1.32,1.37,-35,-26,0
"286","D",1.586,3.98,6.33,"H","Yes",68,48,26,25,20,41,1.9,1.35,1.04,1.07,99,32,1
"287","H",1.832,3.574,4.5,"H","No",40,18,35,19,39,38,1.48,1.09,1.31,1.69,20,-45,0
"288","H",1.902,3.638,4.166,"H","No",57,64,34,28,23,21,1.45,1.88,0.89,0.99,64,100,0
"289","A",3.838,3.462,2.03,"A","No",40,56,24,30,50,28,1.17,1.69,1.5,1.23,-38,53,0
"290","A",2.444,3.184,3,"H","Yes",13,40,16,24,47,50,0.76,1.17,1.75,1.5,-75,-38,1
"291","H",1.304,5.37,9.678,"H","No",66,33,25,33,23,48,2.05,1.01,1.04,1.32,116,-35,0
"292","A",5.56,3.928,1.614,"A","No",18,64,19,26,38,23,1.09,1.86,1.69,1.02,-45,95,0
"293","H",1.44,4.316,7.5,"H","No",48,18,25,19,41,39,1.35,0.88,1.07,1.42,32,-41,0
"294","A",2.132,3.248,3.586,"H","Yes",40,36,29,23,45,55,1.14,1.19,1.37,1.45,-26,-29,1
"295","H",1.55,4.112,5.9,"H","No",64,46,28,28,21,40,1.88,1.42,0.99,1.35,100,8,0
"296","H",1.822,3.518,4.484,"H","No",40,22,34,35,40,57,1.37,0.95,1.42,1.61,-6,-76,0
"297","A",7.354,4.266,1.452,"A","No",17,68,18,26,40,20,0.92,1.9,1.71,1.04,-59,99,0
"298","A",2.128,3.378,3.552,"H","Yes",56,57,30,34,28,23,1.69,1.45,1.23,0.89,53,64,1
"299","A",3.3,3.354,2.2,"A","No",8,40,6,35,24,39,1.11,1.48,1.92,1.31,-31,20,0
"300","H",1.856,3.688,4.142,"H","No",64,56,26,30,23,28,1.86,1.69,1.02,1.23,95,53,0
"301","H",1.282,5.482,11.576,"H","No",68,40,26,29,20,45,1.9,1.14,1.04,1.37,99,-26,0
"302","H",2.612,3.22,2.786,"H","No",40,48,35,25,39,41,1.48,1.35,1.31,1.07,20,32,0
"303","H",2.318,3.348,3.108,"H","No",46,40,28,34,40,40,1.42,1.37,1.35,1.42,8,-6,0
"304","H",1.302,5.24,10.3,"H","No",57,13,34,16,23,47,1.45,0.76,0.89,1.75,64,-75,0
"305","H",1.904,3.43,4.232,"H","No",40,17,24,18,50,40,1.17,0.92,1.5,1.71,-38,-59,0
"306","A",1.766,3.534,4.832,"H","Yes",33,8,33,6,48,24,1.01,1.11,1.32,1.92,-35,-31,1
"307","D",3.48,3.486,2.106,"A","Yes",18,64,19,28,39,21,0.88,1.88,1.42,0.99,-41,100,1
"308","H",2.438,3.228,3.026,"H","No",22,18,35,19,57,38,0.95,1.09,1.61,1.69,-76,-45,0
"309","H",5.12,3.986,1.664,"A","Yes",36,66,23,25,55,23,1.19,2.05,1.45,1.04,-29,116,1
"310","D",2.1,3.366,3.68,"H","Yes",13,8,16,6,47,24,0.76,1.11,1.75,1.92,-75,-31,1
"311","A",6.4,4.196,1.548,"A","No",18,64,19,26,39,23,0.88,1.86,1.42,1.02,-41,95,0
"312","H",1.528,4.016,7.08,"H","No",48,17,25,18,41,40,1.35,0.92,1.07,1.71,32,-59,0
"313","A",2.76,3.156,2.716,"A","No",22,36,35,23,57,55,0.95,1.19,1.61,1.45,-76,-29,0
"314","D",2.456,3.302,3.014,"H","Yes",40,40,24,35,50,39,1.17,1.48,1.5,1.31,-38,20,1
"315","A",1.608,4.092,5.756,"H","Yes",64,13,28,16,21,47,1.88,0.76,0.99,1.75,100,-75,1
"316","A",2.206,3.346,3.418,"H","Yes",33,46,33,28,48,40,1.01,1.42,1.32,1.35,-35,8,1
"317","D",2.246,3.314,3.34,"H","Yes",40,40,34,29,40,45,1.37,1.14,1.42,1.37,-6,-26,1
"318","H",2.614,3.4,2.768,"H","No",57,66,34,25,23,23,1.45,2.05,0.89,1.04,64,116,0
"319","A",8.4,4.838,1.4,"A","No",8,68,6,26,24,20,1.11,1.9,1.92,1.04,-31,99,0
"320","H",1.418,4.71,8.34,"H","No",56,18,30,19,28,38,1.69,1.09,1.23,1.69,53,-45,0
"321","H",2,3.41,4.032,"H","No",68,57,26,34,20,23,1.9,1.45,1.04,0.89,99,64,0
"322","A",1.934,3.47,4.148,"H","Yes",36,33,23,33,55,48,1.19,1.01,1.45,1.32,-29,-35,1
"323","H",1.728,3.792,5.018,"H","No",40,18,35,19,39,39,1.48,0.88,1.31,1.42,20,-41,0
"324","H",2.14,3.386,3.516,"H","No",46,40,28,24,40,50,1.42,1.17,1.35,1.5,8,-38,0
"325","H",3.236,3.276,2.314,"A","Yes",40,48,29,25,45,41,1.14,1.35,1.37,1.07,-26,32,1
"326","H",1.268,6.092,11.27,"H","No",66,40,25,34,23,40,2.05,1.37,1.04,1.42,116,-6,0
"327","A",3.15,3.406,2.344,"A","No",18,64,19,28,38,21,1.09,1.88,1.69,0.99,-45,100,0
"328","A",2.526,3.308,2.89,"H","Yes",18,46,19,28,39,40,0.88,1.42,1.42,1.35,-41,8,1
"329","A",2.028,3.328,4.052,"H","Yes",36,17,23,18,55,40,1.19,0.92,1.45,1.71,-29,-59,1
"330","H",1.282,5.83,11.38,"H","No",66,13,25,16,23,47,2.05,0.76,1.04,1.75,116,-75,0
"331","A",2.434,3.256,3.042,"H","Yes",18,40,19,24,38,50,1.09,1.17,1.69,1.5,-45,-38,1
"332","D",2.346,3.354,3.14,"H","Yes",8,40,6,34,24,40,1.11,1.37,1.92,1.42,-31,-6,1
"333","D",2.1,3.418,3.702,"H","Yes",48,64,25,28,41,21,1.35,1.88,1.07,0.99,32,100,1
"334","D",1.91,3.44,4.336,"H","Yes",40,22,29,35,45,57,1.14,0.95,1.37,1.61,-26,-76,1
"335","D",4.05,3.552,1.954,"A","Yes",33,56,33,30,48,28,1.01,1.69,1.32,1.23,-35,53,1
"336","D",2.41,3.268,3.158,"H","Yes",64,68,26,26,23,20,1.86,1.9,1.02,1.04,95,99,1
"337","H",3.582,3.398,2.14,"A","Yes",40,57,35,34,39,23,1.48,1.45,1.31,0.89,20,64,1
"338","H",4.036,3.388,2.008,"A","Yes",17,56,18,30,40,28,0.92,1.69,1.71,1.23,-59,53,1
"339","A",5.306,3.836,1.688,"A","No",46,68,28,26,40,20,1.42,1.9,1.35,1.04,8,99,0
"340","H",2.676,3.294,2.708,"H","No",13,40,16,35,47,39,0.76,1.48,1.75,1.31,-75,20,0
"341","H",1.938,3.558,4.022,"H","No",46,18,28,19,40,38,1.42,1.09,1.35,1.69,8,-45,0
"342","H",1.384,5.06,8.542,"H","No",56,8,30,6,28,24,1.69,1.11,1.23,1.92,53,-31,0
"343","A",1.352,5.146,9.42,"H","Yes",57,33,34,33,23,48,1.45,1.01,0.89,1.32,64,-35,1
"344","H",3.828,3.338,2.066,"A","Yes",22,48,35,25,57,41,0.95,1.35,1.61,1.07,-76,32,1
"345","H",2.246,3.286,3.35,"H","No",40,40,24,29,50,45,1.17,1.14,1.5,1.37,-38,-26,0
"346","H",2.228,3.39,3.298,"H","No",40,18,34,19,40,39,1.37,0.88,1.42,1.42,-6,-41,0
"347","H",1.35,5.074,9.534,"H","No",68,36,26,23,20,55,1.9,1.19,1.04,1.45,99,-29,0
"348","A",3.628,3.642,2.044,"A","No",64,66,28,25,21,23,1.88,2.05,0.99,1.04,100,116,0
"349","H",1.924,3.588,4.056,"H","No",13,40,16,34,47,40,0.76,1.37,1.75,1.42,-75,-6,0
"350","A",4.452,3.652,1.848,"A","No",36,57,23,34,55,23,1.19,1.45,1.45,0.89,-29,64,0
"351","A",1.828,3.63,4.632,"H","Yes",40,22,35,35,39,57,1.48,0.95,1.31,1.61,20,-76,1
"352","A",1.916,3.476,4.23,"H","Yes",17,18,18,19,40,39,0.92,0.88,1.71,1.42,-59,-41,1
"353","H",2.568,3.34,2.798,"H","No",46,48,28,25,40,41,1.42,1.35,1.35,1.07,8,32,0
"354","D",2.47,3.312,2.978,"H","Yes",18,33,19,33,38,48,1.09,1.01,1.69,1.32,-45,-35,1
"355","H",2.81,3.36,2.548,"A","Yes",40,64,29,28,45,21,1.14,1.88,1.37,0.99,-26,100,1
"356","D",2.08,3.388,3.752,"H","Yes",68,56,26,30,20,28,1.9,1.69,1.04,1.23,99,53,1
"357","H",1.218,6.99,12.85,"H","No",66,8,25,6,23,24,2.05,1.11,1.04,1.92,116,-31,0
"358","A",1.318,5.546,9.92,"H","Yes",64,40,26,24,23,50,1.86,1.17,1.02,1.5,95,-38,1
"359","D",2.666,3.298,2.75,"H","Yes",18,40,19,29,39,45,0.88,1.14,1.42,1.37,-41,-26,1
"360","A",1.468,4.552,7.146,"H","Yes",56,36,30,23,28,55,1.69,1.19,1.23,1.45,53,-29,1
"361","H",2.972,3.454,2.42,"A","Yes",8,18,6,19,24,38,1.11,1.09,1.92,1.69,-31,-45,1
"362","H",1.758,3.676,4.9,"H","No",48,13,25,16,41,47,1.35,0.76,1.07,1.75,32,-75,0
"363","D",2.686,3.26,2.75,"H","Yes",22,46,35,28,57,40,0.95,1.42,1.61,1.35,-76,8,1
"364","H",1.768,3.828,4.554,"H","No",64,17,28,18,21,40,1.88,0.92,0.99,1.71,100,-59,0
"365","A",2.788,3.34,2.586,"A","No",40,40,34,35,40,39,1.37,1.48,1.42,1.31,-6,20,0
"366","D",2.41,3.452,2.954,"H","Yes",57,64,34,26,23,23,1.45,1.86,0.89,1.02,64,95,1
"367","A",4.756,3.936,1.742,"A","No",40,66,24,25,50,23,1.17,2.05,1.5,1.04,-38,116,0
"368","H",3.982,3.468,1.99,"A","Yes",33,68,33,26,48,20,1.01,1.9,1.32,1.04,-35,99,1
"369","D",1.314,5.462,10.502,"H","Yes",64,22,26,35,23,57,1.86,0.95,1.02,1.61,95,-76,1
"370","H",1.398,4.862,8.066,"H","No",64,33,26,33,23,48,1.86,1.01,1.02,1.32,95,-35,0
"371","A",2.084,3.494,3.57,"H","Yes",13,18,16,19,47,39,0.76,0.88,1.75,1.42,-75,-41,1
"372","H",1.348,5.166,9.336,"H","No",68,22,26,35,20,57,1.9,0.95,1.04,1.61,99,-76,0
"373","H",2.192,3.46,3.296,"H","No",36,40,23,24,55,50,1.19,1.17,1.45,1.5,-29,-38,0
"374","A",2.372,3.484,2.944,"H","Yes",40,64,35,28,39,21,1.48,1.88,1.31,0.99,20,100,1
"375","D",3.144,3.632,2.224,"A","Yes",17,57,18,34,40,23,0.92,1.45,1.71,0.89,-59,64,1
"376","H",1.598,4.12,5.604,"H","No",46,8,28,6,40,24,1.42,1.11,1.35,1.92,8,-31,0
"377","H",1.558,4.264,5.888,"H","No",66,48,25,25,23,41,2.05,1.35,1.04,1.07,116,32,0
"378","H",1.774,3.89,4.504,"H","No",18,40,19,34,38,40,1.09,1.37,1.69,1.42,-45,-6,0
"379","H",3.372,3.5,2.15,"A","Yes",40,56,29,30,45,28,1.14,1.69,1.37,1.23,-26,53,1
"380","A",2.02,3.43,3.854,"H","Yes",23,13,19,16,34,47,1.32,0.76,1.76,1.75,-34,-75,1
"381","D",1.376,4.794,9.738,"H","Yes",68,40,26,24,20,50,1.9,1.17,1.04,1.5,99,-38,1
"382","D",1.71,3.75,5.164,"H","Yes",40,23,35,16,39,37,1.48,1.05,1.31,1.55,20,-38,1
"383","H",1.988,3.396,4.044,"H","No",46,22,28,35,40,57,1.42,0.95,1.35,1.61,8,-76,0
"384","H",1.654,3.938,5.6,"H","No",57,64,34,28,23,21,1.45,1.88,0.89,0.99,64,100,0
"385","A",2.538,3.25,2.906,"H","Yes",9,36,7,23,22,55,1.03,1.19,1.76,1.45,-28,-29,1
"386","A",1.3,5.56,10.96,"H","Yes",64,40,26,34,23,40,1.86,1.37,1.02,1.42,95,-6,1
"387","D",2.818,3.266,2.648,"A","Yes",18,48,19,25,38,41,1.09,1.35,1.69,1.07,-45,32,1
"388","A",3.276,3.372,2.29,"A","No",40,56,29,30,45,28,1.14,1.69,1.37,1.23,-26,53,0
"389","A",5.37,3.866,1.664,"A","No",33,66,33,25,48,23,1.01,2.05,1.32,1.04,-35,116,0
"390","A",5.332,3.716,1.72,"A","No",13,57,16,34,47,23,0.76,1.45,1.75,0.89,-75,64,0
"391","A",1.996,3.44,4.074,"H","Yes",48,40,25,35,41,39,1.35,1.48,1.07,1.31,32,20,1
"392","A",2.444,3.27,3.076,"H","Yes",22,9,35,7,57,22,0.95,1.03,1.61,1.76,-76,-28,1
"393","H",1.938,3.542,4.066,"H","No",40,18,24,19,50,38,1.17,1.09,1.5,1.69,-38,-45,0
"394","D",1.778,3.71,4.728,"H","Yes",64,40,28,29,21,45,1.88,1.14,0.99,1.37,100,-26,1
"395","D",2.31,3.322,3.218,"H","Yes",23,33,16,33,37,48,1.05,1.01,1.55,1.32,-38,-35,1
"396","A",2.24,3.384,3.344,"H","Yes",40,46,34,28,40,40,1.37,1.42,1.42,1.35,-6,8,1
"397","A",5.058,3.794,1.73,"A","No",36,64,23,26,55,23,1.19,1.86,1.45,1.02,-29,95,0
"398","H",2.096,3.432,3.674,"H","No",66,68,25,26,23,20,2.05,1.9,1.04,1.04,116,99,0
"399","H",1.444,4.628,7.73,"H","No",56,23,30,19,28,34,1.69,1.32,1.23,1.76,53,-34,0
"400","H",1.86,3.526,4.428,"H","No",36,13,23,16,55,47,1.19,0.76,1.45,1.75,-29,-75,0
"401","D",2.654,3.404,2.69,"H","Yes",46,64,28,28,40,21,1.42,1.88,1.35,0.99,8,100,1
"402","D",1.364,5.04,9.194,"H","Yes",57,18,34,19,23,38,1.45,1.09,0.89,1.69,64,-45,1
"403","D",2.358,3.278,3.184,"H","Yes",9,40,7,29,22,45,1.03,1.14,1.76,1.37,-28,-26,1
"404","D",3.718,3.33,2.108,"A","Yes",22,40,35,24,57,50,0.95,1.17,1.61,1.5,-76,-38,1
"405","A",2.348,3.368,3.17,"H","Yes",40,23,34,19,40,34,1.37,1.32,1.42,1.76,-6,-34,1
"406","A",4.79,3.886,1.73,"A","No",40,66,35,25,39,23,1.48,2.05,1.31,1.04,20,116,0
"407","D",2.712,3.282,2.686,"A","Yes",23,48,16,25,37,41,1.05,1.35,1.55,1.07,-38,32,1
"408","A",5.82,3.816,1.642,"A","No",33,68,33,26,48,20,1.01,1.9,1.32,1.04,-35,99,0
"409","D",1.758,3.8,4.864,"H","Yes",64,56,26,30,23,28,1.86,1.69,1.02,1.23,95,53,1
"410","D",1.92,3.512,4.354,"H","Yes",13,22,16,35,47,57,0.76,0.95,1.75,1.61,-75,-76,1
"411","D",2.19,3.426,3.354,"H","Yes",23,46,19,28,34,40,1.32,1.42,1.76,1.35,-34,8,1
"412","A",1.356,4.962,9.444,"H","Yes",68,36,26,23,20,55,1.9,1.19,1.04,1.45,99,-29,1
"413","A",1.376,5.036,8.552,"H","Yes",56,40,30,34,28,40,1.69,1.37,1.23,1.42,53,-6,1
"414","H",1.202,7.16,13.85,"H","No",66,23,25,16,23,37,2.05,1.05,1.04,1.55,116,-38,0
"415","A",5.626,4.012,1.624,"A","No",18,64,19,26,38,23,1.09,1.86,1.69,1.02,-45,95,0
"416","A",1.97,3.38,4.12,"H","Yes",40,33,29,33,45,48,1.14,1.01,1.37,1.32,-26,-35,1
"417","D",1.984,3.484,3.928,"H","Yes",64,40,28,35,21,39,1.88,1.48,0.99,1.31,100,20,1
"418","H",2.02,3.458,3.82,"H","No",48,9,25,7,41,22,1.35,1.03,1.07,1.76,32,-28,0
"419","H",3.39,3.29,2.236,"A","Yes",40,57,24,34,50,23,1.17,1.45,1.5,0.89,-38,64,1
"420","H",1.294,5.624,11.15,"H","No",64,40,26,29,23,45,1.86,1.14,1.02,1.37,95,-26,0
"421","A",5.43,3.992,1.652,"A","No",36,66,23,25,55,23,1.19,2.05,1.45,1.04,-29,116,0
"422","H",3.892,3.474,2.002,"A","Yes",40,68,35,26,39,20,1.48,1.9,1.31,1.04,20,99,1
"423","H",1.958,3.388,4.284,"H","No",57,56,34,30,23,28,1.45,1.69,0.89,1.23,64,53,0
"424","H",2.372,3.396,3.036,"H","No",9,23,7,19,22,34,1.03,1.32,1.76,1.76,-28,-34,0
"425","H",2.71,3.278,2.72,"H","No",23,40,16,24,37,50,1.05,1.17,1.55,1.5,-38,-38,0
"426","D",3.012,3.212,2.498,"A","Yes",33,48,33,25,48,41,1.01,1.35,1.32,1.07,-35,32,1
"427","H",1.876,3.588,4.29,"H","No",46,13,28,16,40,47,1.42,0.76,1.35,1.75,8,-75,0
"428","A",4,3.51,1.958,"A","No",22,64,35,28,57,21,0.95,1.88,1.61,0.99,-76,100,0
"429","H",2.216,3.426,3.316,"H","No",40,18,34,19,40,38,1.37,1.09,1.42,1.69,-6,-45,0
"430","A",2.304,3.206,3.324,"H","Yes",13,33,16,33,47,48,0.76,1.01,1.75,1.32,-75,-35,1
"431","H",1.722,3.788,5.04,"H","No",23,22,19,35,34,57,1.32,0.95,1.76,1.61,-34,-76,0
"432","H",2.42,3.422,3.012,"H","No",68,64,26,26,20,23,1.9,1.86,1.04,1.02,99,95,0
"433","A",1.268,6.19,11.316,"H","Yes",66,40,25,34,23,40,2.05,1.37,1.04,1.42,116,-6,1
"434","A",2.478,3.312,2.958,"H","Yes",18,23,19,16,38,37,1.09,1.05,1.69,1.55,-45,-38,1
"435","D",2.474,3.322,2.95,"H","Yes",40,46,29,28,45,40,1.14,1.42,1.37,1.35,-26,8,1
"436","D",2.29,3.328,3.26,"H","Yes",40,40,24,35,50,39,1.17,1.48,1.5,1.31,-38,20,1
"437","D",1.648,3.888,5.632,"H","Yes",56,9,30,7,28,22,1.69,1.03,1.23,1.76,53,-28,1
"438","A",3.124,3.24,2.432,"A","No",48,57,25,34,41,23,1.35,1.45,1.07,0.89,32,64,0
"439","H",1.968,3.512,3.95,"H","No",64,36,28,23,21,55,1.88,1.19,0.99,1.45,100,-29,0
"440","A",4.236,3.794,1.842,"A","No",46,64,28,26,40,23,1.42,1.86,1.35,1.02,8,95,0
"441","H",1.524,4.162,6.816,"H","No",56,13,30,16,28,47,1.69,0.76,1.23,1.75,53,-75,0
"442","H",1.214,6.64,14.34,"H","No",57,22,34,35,23,57,1.45,0.95,0.89,1.61,64,-76,0
"443","D",5.826,3.992,1.618,"A","Yes",18,68,19,26,38,20,1.09,1.9,1.69,1.04,-45,99,1
"444","H",2.078,3.352,3.774,"H","No",48,40,25,24,41,50,1.35,1.17,1.07,1.5,32,-38,0
"445","H",2.504,3.312,2.888,"H","No",40,23,29,19,45,34,1.14,1.32,1.37,1.76,-26,-34,0
"446","H",4.006,3.654,1.936,"A","Yes",64,66,28,25,21,23,1.88,2.05,0.99,1.04,100,116,1
"447","D",2.204,3.398,3.338,"H","Yes",40,9,34,7,40,22,1.37,1.03,1.42,1.76,-6,-28,1
"448","A",2.498,3.272,2.934,"H","Yes",23,36,16,23,37,55,1.05,1.19,1.55,1.45,-38,-29,1
"449","A",2.962,3.278,2.472,"A","No",33,40,33,35,48,39,1.01,1.48,1.32,1.31,-35,20,0
"450","A",2.48,3.298,2.982,"H","Yes",13,40,16,29,47,45,0.76,1.14,1.75,1.37,-75,-26,1
"451","D",2.116,3.398,3.584,"H","Yes",23,23,19,16,34,37,1.32,1.05,1.76,1.55,-34,-38,1
"452","A",1.798,3.682,4.668,"H","Yes",68,48,26,25,20,41,1.9,1.35,1.04,1.07,99,32,1
"453","H",1.824,3.53,4.676,"H","No",36,33,23,33,55,48,1.19,1.01,1.45,1.32,-29,-35,0
"454","H",1.248,6.43,12.32,"H","No",66,18,25,19,23,38,2.05,1.09,1.04,1.69,116,-45,0
"455","A",2.282,3.386,3.202,"H","Yes",9,46,7,28,22,40,1.03,1.42,1.76,1.35,-28,8,1
"456","D",3.086,3.352,2.366,"A","Yes",22,40,35,34,57,40,0.95,1.37,1.61,1.42,-76,-6,1
"457","H",2.042,3.534,3.692,"H","No",64,57,26,34,23,23,1.86,1.45,1.02,0.89,95,64,0
"458","D",2.69,3.294,2.74,"H","Yes",40,56,35,30,39,28,1.48,1.69,1.31,1.23,20,53,1
"459","D",2.684,3.236,2.728,"H","Yes",40,64,24,28,50,21,1.17,1.88,1.5,0.99,-38,100,1
"460","H",1.342,5.192,9.42,"H","No",68,13,26,16,20,47,1.9,0.76,1.04,1.75,99,-75,0
"461","A",1.982,3.564,3.808,"H","Yes",36,40,23,34,55,40,1.19,1.37,1.45,1.42,-29,-6,1
"462","A",3.126,3.33,2.372,"A","No",40,57,35,34,39,23,1.48,1.45,1.31,0.89,20,64,0
"463","H",1.326,5.416,9.52,"H","No",66,23,25,19,23,34,2.05,1.32,1.04,1.76,116,-34,0
"464","D",1.762,3.766,4.74,"H","Yes",48,46,25,28,41,40,1.35,1.42,1.07,1.35,32,8,1
"465","D",2.476,3.368,2.914,"H","Yes",64,56,28,30,21,28,1.88,1.69,0.99,1.23,100,53,1
"466","A",5.658,4.102,1.606,"A","No",23,64,16,26,37,23,1.05,1.86,1.55,1.02,-38,95,0
"467","H",2.016,3.354,4.014,"H","No",33,22,33,35,48,57,1.01,0.95,1.32,1.61,-35,-76,0
"468","H",2.58,3.368,2.772,"H","No",18,9,19,7,38,22,1.09,1.03,1.69,1.76,-45,-28,0
"469","A",2.046,3.342,3.922,"H","Yes",40,40,24,29,50,45,1.17,1.14,1.5,1.37,-38,-26,1
"470","H",1.44,4.584,7.69,"H","No",64,40,26,35,23,39,1.86,1.48,1.02,1.31,95,20,0
"471","A",2.888,3.204,2.582,"A","No",13,40,16,24,47,50,0.76,1.17,1.75,1.5,-75,-38,0
"472","H",2.222,3.412,3.296,"H","No",46,36,28,23,40,55,1.42,1.19,1.35,1.45,8,-29,0
"473","A",2.024,3.398,3.876,"H","Yes",9,33,7,33,22,48,1.03,1.01,1.76,1.32,-28,-35,1
"474","A",2.08,3.286,3.826,"H","Yes",40,23,29,16,45,37,1.14,1.05,1.37,1.55,-26,-38,1
"475","H",3.812,3.658,1.972,"A","Yes",40,68,34,26,40,20,1.37,1.9,1.42,1.04,-6,99,1
"476","A",3.376,3.344,2.236,"A","No",23,64,19,28,34,21,1.32,1.88,1.76,0.99,-34,100,0
"477","D",2.026,3.502,3.804,"H","Yes",56,48,30,25,28,41,1.69,1.35,1.23,1.07,53,32,1
"478","D",2.588,3.342,2.786,"H","Yes",57,66,34,25,23,23,1.45,2.05,0.89,1.04,64,116,1
"479","H",2.528,3.342,2.858,"H","No",22,18,35,19,57,38,0.95,1.09,1.61,1.69,-76,-45,0
"480","A",2.094,3.388,3.644,"H","Yes",68,56,26,30,20,28,1.9,1.69,1.04,1.23,99,53,1
"481","D",3.684,3.392,2.086,"A","Yes",36,57,23,34,55,23,1.19,1.45,1.45,0.89,-29,64,1
"482","H",1.276,5.894,11.006,"H","No",66,9,25,7,23,22,2.05,1.03,1.04,1.76,116,-28,0
"483","D",2.418,3.366,3.038,"H","Yes",18,40,19,29,38,45,1.09,1.14,1.69,1.37,-45,-26,1
"484","A",4.8,3.786,1.738,"A","No",40,64,24,26,50,23,1.17,1.86,1.5,1.02,-38,95,0
"485","H",2.58,3.316,2.808,"H","No",23,40,16,34,37,40,1.05,1.37,1.55,1.42,-38,-6,0
"486","A",2.774,3.332,2.6,"A","No",33,46,33,28,48,40,1.01,1.42,1.32,1.35,-35,8,0
"487","H",1.498,4.262,6.92,"H","No",40,22,35,35,39,57,1.48,0.95,1.31,1.61,20,-76,0
"488","H",1.554,4.18,6.126,"H","No",48,23,25,19,41,34,1.35,1.32,1.07,1.76,32,-34,0
"489","H",1.426,4.556,7.81,"H","No",64,13,28,16,21,47,1.88,0.76,0.99,1.75,100,-75,0
"490","A",2.216,3.452,3.314,"H","Yes",23,18,19,19,34,38,1.32,1.09,1.76,1.69,-34,-45,1
"491","H",1.856,3.678,4.252,"H","No",46,23,28,16,40,37,1.42,1.05,1.35,1.55,8,-38,0
"492","H",1.342,4.96,10.28,"H","No",57,33,34,33,23,48,1.45,1.01,0.89,1.32,64,-35,0
"493","H",2.472,3.354,2.932,"H","No",9,40,7,24,22,50,1.03,1.17,1.76,1.5,-28,-38,0
"494","H",3.692,3.412,2.064,"A","Yes",40,68,29,26,45,20,1.14,1.9,1.37,1.04,-26,99,1
"495","A",4.608,3.652,1.804,"A","No",22,48,35,25,57,41,0.95,1.35,1.61,1.07,-76,32,0
"496","D",2.566,3.398,2.768,"H","Yes",40,40,34,35,40,39,1.37,1.48,1.42,1.31,-6,20,1
"497","D",1.69,3.976,4.922,"H","Yes",64,64,26,28,23,21,1.86,1.88,1.02,0.99,95,100,1
"498","D",7.25,4.602,1.452,"A","Yes",13,66,16,25,47,23,0.76,2.05,1.75,1.04,-75,116,1
"499","A",1.664,3.788,5.526,"H","Yes",56,36,30,23,28,55,1.69,1.19,1.23,1.45,53,-29,1
"500","H",1.414,4.702,8.316,"H","No",68,9,26,7,20,22,1.9,1.03,1.04,1.76,99,-28,0
"501","H",1.572,4.04,6.13,"H","No",40,13,35,16,39,47,1.48,0.76,1.31,1.75,20,-75,0
"502","A",1.694,3.86,5.352,"H","Yes",66,56,25,30,23,28,2.05,1.69,1.04,1.23,116,53,1
"503","A",2.766,3.47,2.516,"A","No",18,46,19,28,38,40,1.09,1.42,1.69,1.35,-45,8,0
"504","A",1.604,3.872,6.17,"H","Yes",48,40,25,29,41,45,1.35,1.14,1.07,1.37,32,-26,1
"505","D",1.896,3.548,4.346,"H","Yes",40,23,24,19,50,34,1.17,1.32,1.5,1.76,-38,-34,1
"506","A",4.034,3.406,2.004,"A","No",23,57,16,34,37,23,1.05,1.45,1.55,0.89,-38,64,0
"507","H",6.356,4.236,1.542,"A","Yes",33,64,33,26,48,23,1.01,1.86,1.32,1.02,-35,95,1
"508","H",1.572,4.086,6.086,"H","No",64,40,28,34,21,40,1.88,1.37,0.99,1.42,100,-6,0
"509","A",1.584,3.942,6.224,"H","Yes",36,22,23,35,55,57,1.19,0.95,1.45,1.61,-29,-76,1
"510","A",2.694,3.22,2.77,"H","Yes",13,23,16,16,47,37,0.76,1.05,1.75,1.55,-75,-38,1
"511","D",2.83,3.466,2.482,"A","Yes",23,40,19,35,34,39,1.32,1.48,1.76,1.31,-34,20,1
"512","H",1.712,3.808,5.086,"H","No",36,18,23,19,55,38,1.19,1.09,1.45,1.69,-29,-45,0
"513","D",3.042,3.41,2.368,"A","Yes",46,57,28,34,40,23,1.42,1.45,1.35,0.89,8,64,1
"514","H",1.57,4.252,5.926,"H","No",66,48,25,25,23,41,2.05,1.35,1.04,1.07,116,32,0
"515","H",3.062,3.246,2.432,"A","Yes",22,40,35,29,57,45,0.95,1.14,1.61,1.37,-76,-26,1
"516","H",1.474,4.406,7.31,"H","No",56,40,30,24,28,50,1.69,1.17,1.23,1.5,53,-38,0
"517","D",5.694,4.168,1.598,"A","Yes",9,64,7,26,22,23,1.03,1.86,1.76,1.02,-28,95,1
"518","D",2.596,3.318,2.818,"H","Yes",64,68,28,26,21,20,1.88,1.9,0.99,1.04,100,99,1
"519","D",2.05,3.372,3.796,"H","Yes",40,33,34,33,40,48,1.37,1.01,1.42,1.32,-6,-35,1
"520","H",1.26,5.878,12.206,"H","No",64,22,26,35,23,57,1.86,0.95,1.02,1.61,95,-76,0
"521","A",1.366,5.006,8.77,"H","Yes",68,23,26,19,20,34,1.9,1.32,1.04,1.76,99,-34,1
"522","D",1.422,4.452,8.372,"H","Yes",57,40,34,34,23,40,1.45,1.37,0.89,1.42,64,-6,1
"523","D",1.494,4.224,7.014,"H","Yes",48,13,25,16,41,47,1.35,0.76,1.07,1.75,32,-75,1
"524","H",4.99,3.832,1.7,"A","Yes",40,66,29,25,45,23,1.14,2.05,1.37,1.04,-26,116,1
"525","A",2.656,3.338,2.664,"H","Yes",40,46,24,28,50,40,1.17,1.42,1.5,1.35,-38,8,1
"526","H",2.122,3.356,3.54,"H","No",23,9,16,7,37,22,1.05,1.03,1.55,1.76,-38,-28,0
"527","D",4.306,3.528,1.868,"A","Yes",33,64,33,28,48,21,1.01,1.88,1.32,0.99,-35,100,1
"528","H",5.53,4.076,1.606,"A","Yes",18,56,19,30,38,28,1.09,1.69,1.69,1.23,-45,53,1
"529","D",2.052,3.446,3.646,"H","Yes",40,36,35,23,39,55,1.48,1.19,1.31,1.45,20,-29,1
"530","H",3.272,3.338,2.298,"A","Yes",23,57,19,34,34,23,1.32,1.45,1.76,0.89,-34,64,1
"531","H",2.55,3.254,2.872,"H","No",36,48,23,25,55,41,1.19,1.35,1.45,1.07,-29,32,0
"532","H",1.304,5.53,10.38,"H","No",66,40,25,24,23,50,2.05,1.17,1.04,1.5,116,-38,0
"533","D",2.834,3.412,2.524,"A","Yes",9,40,7,35,22,39,1.03,1.48,1.76,1.31,-28,20,1
"534","A",2.812,3.202,2.638,"A","No",22,23,35,16,57,37,0.95,1.05,1.61,1.55,-76,-38,0
"535","D",2.582,3.226,2.838,"H","Yes",40,40,34,29,40,45,1.37,1.14,1.42,1.37,-6,-26,1
"536","A",6.148,4.068,1.564,"A","No",13,64,16,26,47,23,0.76,1.86,1.75,1.02,-75,95,0
"537","D",1.41,4.514,8.76,"H","Yes",56,33,30,33,28,48,1.69,1.01,1.23,1.32,53,-35,1
"538","H",3.062,3.398,2.346,"A","Yes",46,68,28,26,40,20,1.42,1.9,1.35,1.04,8,99,1
"539","H",1.32,5.248,10.82,"H","No",68,22,26,35,20,57,1.9,0.95,1.04,1.61,99,-76,0
"540","A",2.084,3.57,3.45,"H","Yes",40,46,35,28,39,40,1.48,1.42,1.31,1.35,20,8,1
"541","A",1.462,4.34,7.66,"H","Yes",57,9,34,7,23,22,1.45,1.03,0.89,1.76,64,-28,1
"542","D",2.016,3.416,3.844,"H","Yes",18,13,19,16,38,47,1.09,0.76,1.69,1.75,-45,-75,1
"543","A",2.612,3.328,2.716,"H","Yes",48,64,25,28,41,21,1.35,1.88,1.07,0.99,32,100,1
"544","A",2.462,3.22,2.998,"H","Yes",40,36,29,23,45,55,1.14,1.19,1.37,1.45,-26,-29,1
"545","A",2.518,3.244,2.876,"H","Yes",33,23,33,19,48,34,1.01,1.32,1.32,1.76,-35,-34,1
"546","D",2.09,3.332,3.674,"H","Yes",40,40,24,34,50,40,1.17,1.37,1.5,1.42,-38,-6,1
"547","H",3.948,3.43,1.982,"A","Yes",23,56,16,30,37,28,1.05,1.69,1.55,1.23,-38,53,1
"548","H",2.416,3.436,2.954,"H","No",64,66,26,25,23,23,1.86,2.05,1.02,1.04,95,116,0
"549","D",2.638,3.238,2.748,"H","Yes",13,40,16,34,47,40,0.76,1.37,1.75,1.42,-75,-6,1
"550","D",2.406,3.35,2.942,"H","Yes",23,36,19,23,34,55,1.32,1.19,1.76,1.45,-34,-29,1
"551","D",1.458,4.444,7.188,"H","Yes",68,23,26,16,20,37,1.9,1.05,1.04,1.55,99,-38,1
"552","H",1.924,3.714,3.82,"H","No",56,46,30,28,28,40,1.69,1.42,1.23,1.35,53,8,0
"553","H",1.206,6.74,14.3,"H","No",66,22,25,35,23,57,2.05,0.95,1.04,1.61,116,-76,0
"554","A",3.134,3.476,2.23,"A","No",18,40,19,35,38,39,1.09,1.48,1.69,1.31,-45,20,0
"555","H",3.48,3.446,2.106,"A","Yes",48,64,25,26,41,23,1.35,1.86,1.07,1.02,32,95,1
"556","H",3.126,3.232,2.36,"A","Yes",40,57,29,34,45,23,1.14,1.45,1.37,0.89,-26,64,1
"557","H",1.938,3.354,4.256,"H","No",40,33,24,33,50,48,1.17,1.01,1.5,1.32,-38,-35,0
"558","H",1.426,4.484,7.5,"H","No",64,9,28,7,21,22,1.88,1.03,0.99,1.76,100,-28,0
"559","H",1.43,4.582,7.714,"H","No",64,23,26,19,23,34,1.86,1.32,1.02,1.76,95,-34,0
"560","D",2.058,3.332,3.876,"H","Yes",36,40,23,24,55,50,1.19,1.17,1.45,1.5,-29,-38,1
"561","A",1.932,3.476,4.04,"H","Yes",40,40,35,29,39,45,1.48,1.14,1.31,1.37,20,-26,1
"562","D",2.58,3.246,2.85,"H","Yes",57,68,34,26,23,20,1.45,1.9,0.89,1.04,64,99,1
"563","H",2.02,3.406,3.784,"H","No",9,13,7,16,22,47,1.03,0.76,1.76,1.75,-28,-75,0
"564","A",3.614,3.39,2.094,"A","No",23,64,16,28,37,21,1.05,1.88,1.55,0.99,-38,100,0
"565","H",2.156,3.27,3.53,"H","No",33,18,33,19,48,38,1.01,1.09,1.32,1.69,-35,-45,0
"566","H",3.324,3.332,2.228,"A","Yes",40,48,34,25,40,41,1.37,1.35,1.42,1.07,-6,32,1
"567","D",4.076,3.87,1.85,"A","Yes",46,66,28,25,40,23,1.42,2.05,1.35,1.04,8,116,1
"568","A",5.102,3.732,1.71,"A","No",22,56,35,30,57,28,0.95,1.69,1.61,1.23,-76,53,0
"569","H",1.278,5.844,11.162,"H","No",64,18,26,19,23,38,1.86,1.09,1.02,1.69,95,-45,0
"570","D",1.91,3.59,4.022,"H","Yes",46,23,28,19,40,34,1.42,1.32,1.35,1.76,8,-34,1
"571","H",1.53,4.016,6.952,"H","No",57,40,34,24,23,50,1.45,1.17,0.89,1.5,64,-38,0
"572","H",3.026,3.348,2.364,"A","Yes",9,48,7,25,22,41,1.03,1.35,1.76,1.07,-28,32,1
"573","H",2.438,3.218,3.008,"H","No",22,13,35,16,57,47,0.95,0.76,1.61,1.75,-76,-75,0
"574","A",4.868,3.852,1.724,"A","No",23,66,16,25,37,23,1.05,2.05,1.55,1.04,-38,116,0
"575","H",2.732,3.12,2.768,"H","No",33,40,33,29,48,45,1.01,1.14,1.32,1.37,-35,-26,0
"576","H",3.774,3.444,2.046,"A","Yes",40,56,34,30,40,28,1.37,1.69,1.42,1.23,-6,53,1
"577","A",3.696,3.358,2.094,"A","No",36,68,23,26,55,20,1.19,1.9,1.45,1.04,-29,99,0
"578","D",2.7,3.418,2.61,"A","Yes",40,64,35,28,39,21,1.48,1.88,1.31,0.99,20,100,1
"579","H",3,3.2,2.48,"A","Yes",13,36,16,23,47,55,0.76,1.19,1.75,1.45,-75,-29,1
"580","A",2.012,3.47,3.804,"H","Yes",23,40,19,34,34,40,1.32,1.37,1.76,1.42,-34,-6,1
"581","D",4.85,3.62,1.788,"A","Yes",18,57,19,34,38,23,1.09,1.45,1.69,0.89,-45,64,1
"582","D",1.436,4.416,8.268,"H","Yes",68,33,26,33,20,48,1.9,1.01,1.04,1.32,99,-35,1
"583","D",2.824,3.366,2.534,"A","Yes",56,64,30,26,28,23,1.69,1.86,1.23,1.02,53,95,1
"584","D",1.502,4.576,6.238,"H","Yes",66,40,25,35,23,39,2.05,1.48,1.04,1.31,116,20,1
"585","H",1.98,3.402,4.056,"H","No",48,23,25,16,41,37,1.35,1.05,1.07,1.55,32,-38,0
"586","H",2.012,3.348,3.982,"H","No",40,9,29,7,45,22,1.14,1.03,1.37,1.76,-26,-28,0
"587","A",1.768,3.622,4.934,"H","Yes",40,22,24,35,50,57,1.17,0.95,1.5,1.61,-38,-76,1
"588","A",1.746,3.73,4.838,"H","Yes",64,46,28,28,21,40,1.88,1.42,0.99,1.35,100,8,1
"589","D",3.45,3.338,2.182,"A","Yes",13,46,16,28,47,40,0.76,1.42,1.75,1.35,-75,8,1
"590","H",1.89,3.546,4.284,"H","No",23,9,19,7,34,22,1.32,1.03,1.76,1.76,-34,-28,0
"591","D",1.794,3.724,4.56,"H","Yes",68,40,26,35,20,39,1.9,1.48,1.04,1.31,99,20,1
"592","H",1.39,4.948,8.186,"H","No",66,36,25,23,23,55,2.05,1.19,1.04,1.45,116,-29,0
"593","H",2.52,3.32,2.86,"H","No",18,40,19,34,38,40,1.09,1.37,1.69,1.42,-45,-6,0
"594","H",1.726,3.596,5.33,"H","No",48,33,25,33,41,48,1.35,1.01,1.07,1.32,32,-35,0
"595","H",1.358,5.016,8.94,"H","No",64,22,28,35,21,57,1.88,0.95,0.99,1.61,100,-76,0
"596","A",2.328,3.234,3.284,"H","Yes",56,57,30,34,28,23,1.69,1.45,1.23,0.89,53,64,1
"597","D",4.084,3.552,1.934,"A","Yes",40,64,29,26,45,23,1.14,1.86,1.37,1.02,-26,95,1
"598","H",2.36,3.242,3.176,"H","No",40,23,24,16,50,37,1.17,1.05,1.5,1.55,-38,-38,0
"599","A",3.466,3.3,2.174,"A","No",36,64,23,28,55,21,1.19,1.88,1.45,0.99,-29,100,0
"600","H",2.044,3.366,3.74,"H","No",46,40,28,29,40,45,1.42,1.14,1.35,1.37,8,-26,0
"601","A",1.874,3.43,4.538,"H","Yes",57,48,34,25,23,41,1.45,1.35,0.89,1.07,64,32,1
"602","A",4.016,3.44,1.966,"A","No",9,56,7,30,22,28,1.03,1.69,1.76,1.23,-28,53,0
"603","D",2.882,3.268,2.488,"A","Yes",22,23,35,19,57,34,0.95,1.32,1.61,1.76,-76,-34,1
"604","H",2.044,3.428,3.686,"H","No",23,18,16,19,37,38,1.05,1.09,1.55,1.69,-38,-45,0
"605","D",2.124,3.226,3.694,"H","Yes",33,13,33,16,48,47,1.01,0.76,1.32,1.75,-35,-75,1
"606","D",4.848,3.898,1.706,"A","Yes",40,66,34,25,40,23,1.37,2.05,1.42,1.04,-6,116,1
"607","A",2.082,3.414,3.734,"H","Yes",64,68,26,26,23,20,1.86,1.9,1.02,1.04,95,99,1
"608","A",1.702,3.704,5.194,"H","Yes",40,40,35,24,39,50,1.48,1.17,1.31,1.5,20,-38,1
"609","D",1.758,3.594,4.978,"H","Yes",64,48,26,25,23,41,1.86,1.35,1.02,1.07,95,32,1
"610","A",2.406,3.21,3.086,"H","Yes",36,23,23,19,55,34,1.19,1.32,1.45,1.76,-29,-34,1
"611","H",2.59,3.308,2.772,"H","No",46,56,28,30,40,28,1.42,1.69,1.35,1.23,8,53,0
"612","H",1.69,3.674,5.534,"H","No",57,40,34,29,23,45,1.45,1.14,0.89,1.37,64,-26,0
"613","A",4.264,3.598,1.856,"A","No",9,64,7,28,22,21,1.03,1.88,1.76,0.99,-28,100,0
"614","A",6.97,4.496,1.47,"A","No",22,66,35,25,57,23,0.95,2.05,1.61,1.04,-76,116,0
"615","D",2.582,3.038,2.998,"H","Yes",33,40,33,24,48,50,1.01,1.17,1.32,1.5,-35,-38,1
"616","H",1.88,3.484,4.334,"H","No",40,13,34,16,40,47,1.37,0.76,1.42,1.75,-6,-75,0
"617","H",1.66,3.934,5.126,"H","No",40,18,35,19,39,38,1.48,1.09,1.31,1.69,20,-45,0
"618","D",4.07,3.386,1.964,"A","Yes",23,68,16,26,37,20,1.05,1.9,1.55,1.04,-38,99,1
"619","H",2.398,3.214,3.106,"H","No",13,9,16,7,47,22,0.76,1.03,1.75,1.76,-75,-28,0
"620","D",1.426,4.504,7.944,"H","Yes",56,22,30,35,28,57,1.69,0.95,1.23,1.61,53,-76,1
"621","A",1.604,4.092,5.678,"H","Yes",66,46,25,28,23,40,2.05,1.42,1.04,1.35,116,8,1
"622","H",2.154,3.266,3.562,"H","No",18,33,19,33,38,48,1.09,1.01,1.69,1.32,-45,-35,0
"623","H",1.718,3.648,5.156,"H","No",48,40,25,34,41,40,1.35,1.37,1.07,1.42,32,-6,0
"624","A",2.602,3.312,2.766,"H","Yes",40,40,29,35,45,39,1.14,1.48,1.37,1.31,-26,20,1
"625","D",2.212,3.236,3.454,"H","Yes",40,36,24,23,50,55,1.17,1.19,1.5,1.45,-38,-29,1
"626","H",1.498,4.144,7.066,"H","No",64,23,28,16,21,37,1.88,1.05,0.99,1.55,100,-38,0
"627","A",3.708,3.436,2.056,"A","No",23,64,19,26,34,23,1.32,1.86,1.76,1.02,-34,95,0
"628","D",2.12,3.274,3.748,"H","Yes",68,57,26,34,20,23,1.9,1.45,1.04,0.89,99,64,1
"629","A",2.054,3.338,3.772,"H","Yes",23,40,19,29,34,45,1.32,1.14,1.76,1.37,-34,-26,1
"630","H",1.458,4.508,7.21,"H","No",68,18,26,19,20,38,1.9,1.09,1.04,1.69,99,-45,0
"631","A",2.228,3.236,3.422,"H","Yes",36,23,23,16,55,37,1.19,1.05,1.45,1.55,-29,-38,1
"632","A",1.536,4.026,6.66,"H","Yes",40,33,35,33,39,48,1.48,1.01,1.31,1.32,20,-35,1
"633","D",2.442,3.314,2.982,"H","Yes",9,40,7,34,22,40,1.03,1.37,1.76,1.42,-28,-6,1
"634","H",4.87,3.598,1.768,"A","Yes",22,57,35,34,57,23,0.95,1.45,1.61,0.89,-76,64,1
"635","A",3.008,3.202,2.454,"A","No",40,48,24,25,50,41,1.17,1.35,1.5,1.07,-38,32,0
"636","H",1.742,3.892,4.622,"H","No",64,46,26,28,23,40,1.86,1.42,1.02,1.35,95,8,0
"637","A",4.448,3.478,1.872,"A","No",13,56,16,30,47,28,0.76,1.69,1.75,1.23,-75,53,0
"638","A",2.042,3.552,3.664,"H","Yes",66,64,25,28,23,21,2.05,1.88,1.04,0.99,116,100,1
"639","H",1.514,4.23,6.084,"H","No",46,9,28,7,40,22,1.42,1.03,1.35,1.76,8,-28,0
"640","A",2.85,3.224,2.54,"A","No",48,68,25,26,41,20,1.35,1.9,1.07,1.04,32,99,0
"641","H",1.656,3.658,5.552,"H","No",40,13,29,16,45,47,1.14,0.76,1.37,1.75,-26,-75,0
"642","D",2.352,3.212,3.104,"H","Yes",23,23,16,19,37,34,1.05,1.32,1.55,1.76,-38,-34,1
"643","H",2.658,3.106,2.814,"H","No",33,36,33,23,48,55,1.01,1.19,1.32,1.45,-35,-29,0
"644","H",1.826,3.54,4.372,"H","No",40,22,34,35,40,57,1.37,0.95,1.42,1.61,-6,-76,0
"645","H",1.444,4.12,8.054,"H","No",64,40,28,24,21,50,1.88,1.17,0.99,1.5,100,-38,0
"646","H",2.974,3.194,2.454,"A","Yes",57,64,34,26,23,23,1.45,1.86,0.89,1.02,64,95,1
"647","A",4.314,3.568,1.894,"A","No",13,40,16,35,47,39,0.76,1.48,1.75,1.31,-75,20,0
"648","H",2.842,3.25,2.62,"A","Yes",23,48,19,25,34,41,1.32,1.35,1.76,1.07,-34,32,1
"649","D",1.706,3.748,5.39,"H","Yes",46,33,28,33,40,48,1.42,1.01,1.35,1.32,8,-35,1
"650","A",5.282,3.896,1.678,"A","No",9,68,7,26,22,20,1.03,1.9,1.76,1.04,-28,99,0
"651","D",2.476,3.272,3.016,"H","Yes",22,36,35,23,57,55,0.95,1.19,1.61,1.45,-76,-29,1
"652","A",1.36,4.972,9.226,"H","Yes",64,40,26,24,23,50,1.86,1.17,1.02,1.5,95,-38,1
"653","H",2.608,3.34,2.768,"H","No",56,66,30,25,28,23,1.69,2.05,1.23,1.04,53,116,0
"654","H",1.66,3.714,5.762,"H","No",57,23,34,16,23,37,1.45,1.05,0.89,1.55,64,-38,0
"655","H",1.942,3.456,4.152,"H","No",40,18,29,19,45,38,1.14,1.09,1.37,1.69,-26,-45,0
"656","H",3.826,3.468,2.012,"A","Yes",40,64,34,28,40,21,1.37,1.88,1.42,0.99,-6,100,1
"657","D",1.5,4.208,6.926,"H","Yes",68,40,26,29,20,45,1.9,1.14,1.04,1.37,99,-26,1
"658","A",1.722,3.802,4.874,"H","Yes",40,40,35,34,39,40,1.48,1.37,1.31,1.42,20,-6,1
"659","H",1.206,6.576,14.454,"H","No",66,13,25,16,23,47,2.05,0.76,1.04,1.75,116,-75,0
"660","A",2.594,3.31,2.75,"H","Yes",18,23,19,19,38,34,1.09,1.32,1.69,1.76,-45,-34,1
"661","D",1.58,3.888,6.188,"H","Yes",48,22,25,35,41,57,1.35,0.95,1.07,1.61,32,-76,1
"662","H",1.97,3.404,3.966,"H","No",40,9,24,7,50,22,1.17,1.03,1.5,1.76,-38,-28,0
"663","D",2.384,3.368,2.996,"H","Yes",64,64,28,26,21,23,1.88,1.86,0.99,1.02,100,95,1
"664","A",2.922,3.306,2.456,"A","No",23,46,16,28,37,40,1.05,1.42,1.55,1.35,-38,8,0
"665","A",3.562,3.36,2.1,"A","No",36,56,23,30,55,28,1.19,1.69,1.45,1.23,-29,53,0
"666","H",4.114,3.354,1.958,"A","Yes",33,57,33,34,48,23,1.01,1.45,1.32,0.89,-35,64,1
"667","H",1.946,3.378,4.14,"H","No",23,40,19,24,34,50,1.32,1.17,1.76,1.5,-34,-38,0
"668","D",5.83,3.97,1.594,"A","Yes",9,66,7,25,22,23,1.03,2.05,1.76,1.04,-28,116,1
"669","A",2.696,3.164,2.762,"H","Yes",40,48,29,25,45,41,1.14,1.35,1.37,1.07,-26,32,1
"670","A",6.974,4.262,1.49,"A","No",13,64,16,28,47,21,0.76,1.88,1.75,0.99,-75,100,0
"671","H",1.584,4.044,5.854,"H","No",46,18,28,19,40,38,1.42,1.09,1.35,1.69,8,-45,0
"672","D",1.722,3.79,4.89,"H","Yes",68,40,26,34,20,40,1.9,1.37,1.04,1.42,99,-6,1
"673","A",2.962,3.28,2.44,"A","No",36,46,23,28,55,40,1.19,1.42,1.45,1.35,-29,8,0
"674","A",2.638,3.448,2.608,"A","No",40,64,35,26,39,23,1.48,1.86,1.31,1.02,20,95,0
"675","H",1.634,3.792,5.71,"H","No",40,13,24,16,50,47,1.17,0.76,1.5,1.75,-38,-75,0
"676","A",2.38,3.184,3.142,"H","Yes",23,40,16,29,37,45,1.05,1.14,1.55,1.37,-38,-26,1
"677","A",2.212,3.208,3.46,"H","Yes",33,9,33,7,48,22,1.01,1.03,1.32,1.76,-35,-28,1
"678","A",1.824,3.64,4.412,"H","Yes",66,57,25,34,23,23,2.05,1.45,1.04,0.89,116,64,1
"679","D",2.096,3.346,3.61,"H","Yes",18,22,19,35,38,57,1.09,0.95,1.69,1.61,-45,-76,1
"680","H",2.568,3.258,2.802,"H","No",48,56,25,30,41,28,1.35,1.69,1.07,1.23,32,53,0
"681","H",1.524,4.214,6.284,"H","No",64,23,28,19,21,34,1.88,1.32,0.99,1.76,100,-34,0
"682","H",1.348,5.04,9.324,"H","No",64,23,26,16,23,37,1.86,1.05,1.02,1.55,95,-38,0
"683","A",6.212,4.07,1.568,"A","No",13,68,16,26,47,20,0.76,1.9,1.75,1.04,-75,99,0
"684","A",3.68,3.49,2.05,"A","No",23,66,19,25,34,23,1.32,2.05,1.76,1.04,-34,116,0
"685","D",2.488,3.36,2.892,"H","Yes",56,64,30,28,28,21,1.69,1.88,1.23,0.99,53,100,1
"686","H",2.188,3.292,3.5,"H","No",9,18,7,19,22,38,1.03,1.09,1.76,1.69,-28,-45,0
"687","D",2.174,3.298,3.54,"H","Yes",40,40,29,24,45,50,1.14,1.17,1.37,1.5,-26,-38,1
"688","D",2.092,3.292,3.76,"H","Yes",22,33,35,33,57,48,0.95,1.01,1.61,1.32,-76,-35,1
"689","D",1.952,3.47,4.038,"H","Yes",40,36,34,23,40,55,1.37,1.19,1.42,1.45,-6,-29,1
"690","H",2.224,3.32,3.392,"H","No",46,48,28,25,40,41,1.42,1.35,1.35,1.07,8,32,0
"691","H",2.042,3.444,3.768,"H","No",57,40,34,35,23,39,1.45,1.48,0.89,1.31,64,20,0
"692","A",3.448,3.334,2.138,"A","No",13,23,16,19,47,34,0.76,1.32,1.75,1.76,-75,-34,0
"693","H",2.046,3.322,3.74,"H","No",36,9,23,7,55,22,1.19,1.03,1.45,1.76,-29,-28,0
"694","H",1.342,5.004,9.194,"H","No",66,33,25,33,23,48,2.05,1.01,1.04,1.32,116,-35,0
"695","H",1.558,4.006,6.012,"H","No",48,18,25,19,41,38,1.35,1.09,1.07,1.69,32,-45,0
"696","H",3.712,3.38,2.026,"A","Yes",40,68,24,26,50,20,1.17,1.9,1.5,1.04,-38,99,1
"697","D",3.304,3.272,2.226,"A","Yes",23,40,16,35,37,39,1.05,1.48,1.55,1.31,-38,20,1
"698","D",3.69,3.554,1.972,"A","Yes",40,64,34,26,40,23,1.37,1.86,1.42,1.02,-6,95,1
"699","H",1.59,3.886,5.742,"H","No",56,40,30,29,28,45,1.69,1.14,1.23,1.37,53,-26,0
"700","A",3.382,3.38,2.136,"A","No",22,46,35,28,57,40,0.95,1.42,1.61,1.35,-76,8,0
"701","H",1.95,3.43,3.968,"H","No",64,57,28,34,21,23,1.88,1.45,0.99,0.89,100,64,0
"702","D",2.918,3.296,2.478,"A","Yes",36,40,23,35,55,39,1.19,1.48,1.45,1.31,-29,20,1
"703","A",2.644,3.368,2.7,"H","Yes",68,66,26,25,20,23,1.9,2.05,1.04,1.04,99,116,1
"704","D",2.592,3.328,2.786,"H","Yes",40,48,35,25,39,41,1.48,1.35,1.31,1.07,20,32,1
"705","H",1.22,6.23,15.376,"H","No",57,13,34,16,23,47,1.45,0.76,0.89,1.75,64,-75,0
"706","H",2.286,3.334,3.24,"H","No",18,40,19,24,38,50,1.09,1.17,1.69,1.5,-45,-38,0
"707","A",2.336,3.282,3.18,"H","Yes",9,22,7,35,22,57,1.03,0.95,1.76,1.61,-28,-76,1
"708","A",2.352,3.146,3.298,"H","Yes",33,23,33,16,48,37,1.01,1.05,1.32,1.55,-35,-38,1
"709","D",1.336,5.304,9.162,"H","Yes",64,36,26,23,23,55,1.86,1.19,1.02,1.45,95,-29,1
"710","A",3.482,3.424,2.138,"A","No",23,56,19,30,34,28,1.32,1.69,1.76,1.23,-34,53,0
"711","D",1.954,3.51,4.01,"H","Yes",46,40,28,34,40,40,1.42,1.37,1.35,1.42,8,-6,1
"712","A",4.382,3.608,1.846,"A","No",40,64,29,28,45,21,1.14,1.88,1.37,0.99,-26,100,0
"713","D",5.788,4.244,1.572,"A","Yes",18,66,19,25,38,23,1.09,2.05,1.69,1.04,-45,116,1
"714","H",1.71,3.836,4.844,"H","No",56,40,30,35,28,39,1.69,1.48,1.23,1.31,53,20,0
"715","H",1.536,4.116,6.49,"H","No",57,36,34,23,23,55,1.45,1.19,0.89,1.45,64,-29,0
"716","H",1.562,4.1,6.068,"H","No",40,23,34,16,40,37,1.37,1.05,1.42,1.55,-6,-38,0
"717","H",1.252,5.89,12.91,"H","No",64,33,26,33,23,48,1.86,1.01,1.02,1.32,95,-35,0
"718","A",6.542,4.08,1.542,"A","No",13,48,16,25,47,41,0.76,1.35,1.75,1.07,-75,32,0
"719","A",2.948,3.44,2.408,"A","No",23,68,19,26,34,20,1.32,1.9,1.76,1.04,-34,99,0
"720","D",1.556,4.322,5.88,"H","Yes",56,18,30,19,28,38,1.69,1.09,1.23,1.69,53,-45,1
"721","H",1.308,5.582,10.034,"H","No",66,40,25,29,23,45,2.05,1.14,1.04,1.37,116,-26,0
"722","H",1.728,3.638,5.248,"H","No",46,40,28,24,40,50,1.42,1.17,1.35,1.5,8,-38,0
"723","D",4.538,3.854,1.766,"A","Yes",22,64,35,26,57,23,0.95,1.86,1.61,1.02,-76,95,1
"724","D",1.242,6.164,13.54,"H","Yes",64,33,28,33,21,48,1.88,1.01,0.99,1.32,100,-35,1
"725","H",1.256,6.006,12.152,"H","No",64,9,26,7,23,22,1.86,1.03,1.02,1.76,95,-28,0
"726","H",1.97,3.65,3.758,"H","No",40,23,35,19,39,34,1.48,1.32,1.31,1.76,20,-34,0
"727","H",1.976,3.478,3.926,"H","No",18,36,19,23,38,55,1.09,1.19,1.69,1.45,-45,-29,0
"728","D",2.674,3.22,2.736,"H","Yes",40,22,29,35,45,57,1.14,0.95,1.37,1.61,-26,-76,1
"729","H",1.682,3.81,5.246,"H","No",23,13,16,16,37,47,1.05,0.76,1.55,1.75,-38,-75,0
"730","A",3.752,3.398,2.06,"A","No",33,40,33,34,48,40,1.01,1.37,1.32,1.42,-35,-6,0
"731","D",2.034,3.4,3.828,"H","Yes",57,46,34,28,23,40,1.45,1.42,0.89,1.35,64,8,1
"732","H",2.7,3.368,2.634,"A","Yes",48,66,25,25,41,23,1.35,2.05,1.07,1.04,32,116,1
"733","H",3.09,3.432,2.314,"A","Yes",40,56,24,30,50,28,1.17,1.69,1.5,1.23,-38,53,1
"734","D",2.668,3.452,2.624,"A","Yes",68,64,26,28,20,21,1.9,1.88,1.04,0.99,99,100,1
"735","D",5.378,4.034,1.636,"A","Yes",13,18,16,19,47,38,0.76,1.09,1.75,1.69,-75,-45,1
"736","D",1.932,3.438,4.222,"H","Yes",23,33,19,33,34,48,1.32,1.01,1.76,1.32,-34,-35,1
"737","H",2.024,3.416,3.866,"H","No",36,40,23,29,55,45,1.19,1.14,1.45,1.37,-29,-26,0
"738","H",1.89,3.736,4.064,"H","No",46,40,28,35,40,39,1.42,1.48,1.35,1.31,8,20,0
"739","A",4.244,3.556,1.894,"A","No",9,57,7,34,22,23,1.03,1.45,1.76,0.89,-28,64,0
"740","H",2.914,3.41,2.46,"A","Yes",22,68,35,26,57,20,0.95,1.9,1.61,1.04,-76,99,1
"741","A",1.446,4.542,7.538,"H","Yes",40,40,34,24,40,50,1.37,1.17,1.42,1.5,-6,-38,1
"742","H",1.482,4.49,6.906,"H","No",56,23,30,16,28,37,1.69,1.05,1.23,1.55,53,-38,0
"743","D",2.498,3.446,2.834,"H","Yes",66,64,25,26,23,23,2.05,1.86,1.04,1.02,116,95,1
"744","A",1.978,3.592,3.856,"H","Yes",64,48,28,25,21,41,1.88,1.35,0.99,1.07,100,32,1
"745","H",2.972,3.432,2.412,"A","Yes",40,57,34,34,40,23,1.37,1.45,1.42,0.89,-6,64,1
"746","D",1.956,3.642,3.732,"H","Yes",56,68,30,26,28,20,1.69,1.9,1.23,1.04,53,99,1
"747","H",1.806,3.704,4.402,"H","No",9,23,7,16,22,37,1.03,1.05,1.76,1.55,-28,-38,0
"748","H",1.694,3.86,5.04,"H","No",22,40,35,35,57,39,0.95,1.48,1.61,1.31,-76,20,0
"749","H",1.164,8.17,16.8,"H","No",64,13,26,16,23,47,1.86,0.76,1.02,1.75,95,-75,0
"750","D",2.256,3.632,3.074,"H","Yes",68,46,26,28,20,40,1.9,1.42,1.04,1.35,99,8,1
"751","H",1.79,3.956,4.322,"H","No",40,9,35,7,39,22,1.48,1.03,1.31,1.76,20,-28,0
"752","H",4.394,3.872,1.788,"A","Yes",18,64,19,28,38,21,1.09,1.88,1.69,0.99,-45,100,1
"753","H",1.352,5.168,8.99,"H","No",48,36,25,23,41,55,1.35,1.19,1.07,1.45,32,-29,0
"754","H",3.316,3.574,2.154,"A","Yes",40,40,29,34,45,40,1.14,1.37,1.37,1.42,-26,-6,1
"755","D",6.342,4.474,1.502,"A","Yes",40,66,24,25,50,23,1.17,2.05,1.5,1.04,-38,116,1
"756","D",2.076,3.58,3.556,"H","Yes",23,22,16,35,37,57,1.05,0.95,1.55,1.61,-38,-76,1
"757","D",2.414,3.56,2.844,"H","Yes",33,56,33,30,48,28,1.01,1.69,1.32,1.23,-35,53,1
"758","H",1.672,3.966,5.122,"H","No",57,23,34,19,23,34,1.45,1.32,0.89,1.76,64,-34,0
"759","A",2.454,3.254,3.028,"H","Yes",18,40,19,24,39,50,0.88,1.17,1.42,1.5,-41,-38,1
"760","A",2.032,3.268,4.07,"H","Yes",36,33,23,33,55,48,1.19,1.01,1.45,1.32,-29,-35,1
"761","D",3.03,3.346,2.414,"A","Yes",40,64,35,28,39,21,1.48,1.88,1.31,0.99,20,100,1
"762","H",4.212,3.47,1.954,"A","Yes",17,46,18,28,40,40,0.92,1.42,1.71,1.35,-59,8,1
"763","H",1.248,6.196,12.59,"H","No",66,22,25,35,23,57,2.05,0.95,1.04,1.61,116,-76,0
"764","D",2.312,3.208,3.296,"H","Yes",5,40,13,29,20,45,0.71,1.14,1.39,1.37,-26,-26,1
"765","D",1.816,3.586,4.668,"H","Yes",48,23,25,16,41,37,1.35,1.05,1.07,1.55,32,-38,1
"766","A",2.368,3.406,3.02,"H","Yes",64,56,26,30,23,28,1.86,1.69,1.02,1.23,95,53,1
"767","A",4.67,3.564,1.806,"A","No",23,57,19,34,34,23,1.32,1.45,1.76,0.89,-34,64,0
"768","H",1.64,3.902,5.616,"H","No",68,40,26,34,20,40,1.9,1.37,1.04,1.42,99,-6,0
"769","H",1.496,4.292,7.498,"H","No",57,48,34,25,23,41,1.45,1.35,0.89,1.07,64,32,0
"770","H",6.444,4.08,1.56,"A","Yes",18,56,19,30,39,28,0.88,1.69,1.42,1.23,-41,53,1
"771","D",2.84,3.54,2.45,"A","Yes",46,64,28,26,40,23,1.42,1.86,1.35,1.02,8,95,1
"772","A",5.284,3.782,1.708,"A","No",40,66,29,25,45,23,1.14,2.05,1.37,1.04,-26,116,0
"773","A",1.786,3.562,5.03,"H","Yes",40,17,24,18,50,40,1.17,0.92,1.5,1.71,-38,-59,1
"774","H",1.462,4.506,7.534,"H","No",64,36,28,23,21,55,1.88,1.19,0.99,1.45,100,-29,0
"775","A",5.178,3.698,1.738,"A","No",23,68,16,26,37,20,1.05,1.9,1.55,1.04,-38,99,0
"776","A",2.982,3.188,2.55,"A","No",33,40,33,35,48,39,1.01,1.48,1.32,1.31,-35,20,0
"777","A",2.492,3.184,3.072,"H","Yes",22,5,35,13,57,20,0.95,0.71,1.61,1.39,-76,-26,1
"778","H",1.918,3.64,4.064,"H","No",40,23,34,19,40,34,1.37,1.32,1.42,1.76,-6,-34,0
"779","H",1.26,5.77,12.93,"H","No",68,18,26,19,20,39,1.9,0.88,1.04,1.42,99,-41,0
"780","D",2.352,3.266,3.178,"H","Yes",36,23,23,19,55,34,1.19,1.32,1.45,1.76,-29,-34,1
"781","H",1.724,3.698,5.15,"H","No",40,40,35,29,39,45,1.48,1.14,1.31,1.37,20,-26,0
"782","A",7.49,4.34,1.46,"A","No",17,57,18,34,40,23,0.92,1.45,1.71,0.89,-59,64,0
"783","H",1.732,3.646,5.164,"H","No",46,40,28,24,40,50,1.42,1.17,1.35,1.5,8,-38,0
"784","D",1.61,3.786,6.146,"H","Yes",48,22,25,35,41,57,1.35,0.95,1.07,1.61,32,-76,1
"785","D",2.388,3.452,2.964,"H","Yes",64,56,28,30,21,28,1.88,1.69,0.99,1.23,100,53,1
"786","A",4.994,3.732,1.734,"A","No",23,64,16,26,37,23,1.05,1.86,1.55,1.02,-38,95,0
"787","H",1.276,5.96,10.442,"H","No",66,40,25,34,23,40,2.05,1.37,1.04,1.42,116,-6,0
"788","D",2.564,3.098,3.01,"H","Yes",33,5,33,13,48,20,1.01,0.71,1.32,1.39,-35,-26,1
"789","H",1.568,4.17,6.15,"H","No",64,48,26,25,23,41,1.86,1.35,1.02,1.07,95,32,0
"790","H",2.05,3.262,4.052,"H","No",23,33,19,33,34,48,1.32,1.01,1.76,1.32,-34,-35,0
"791","D",2.438,3.162,3.192,"H","Yes",18,17,19,18,39,40,0.88,0.92,1.42,1.71,-41,-59,1
"792","H",1.674,3.894,5.488,"H","No",56,46,30,28,28,40,1.69,1.42,1.23,1.35,53,8,0
"793","A",2.368,3.262,3.28,"H","Yes",57,66,34,25,23,23,1.45,2.05,0.89,1.04,64,116,1
"794","A",2.262,3.2,3.49,"H","Yes",5,36,13,23,20,55,0.71,1.19,1.39,1.45,-26,-29,1
"795","A",4.374,3.674,1.848,"A","No",40,64,29,28,45,21,1.14,1.88,1.37,0.99,-26,100,0
"796","A",1.87,3.54,4.464,"H","Yes",40,23,34,16,40,37,1.37,1.05,1.42,1.55,-6,-38,1
"797","D",5.574,3.954,1.658,"A","Yes",40,68,24,26,50,20,1.17,1.9,1.5,1.04,-38,99,1
"798","A",3.69,3.46,2.1,"A","No",22,40,35,35,57,39,0.95,1.48,1.61,1.31,-76,20,0
"799","A",2.266,3.458,3.31,"H","Yes",68,56,26,30,20,28,1.9,1.69,1.04,1.23,99,53,1
"800","H",1.664,3.818,5.738,"H","No",40,5,35,13,39,20,1.48,0.71,1.31,1.39,20,-26,0
"801","A",5.906,4.12,1.588,"A","No",17,64,18,26,40,23,0.92,1.86,1.71,1.02,-59,95,0
"802","H",1.518,4.224,7.274,"H","No",46,18,28,19,40,39,1.42,0.88,1.35,1.42,8,-41,0
"803","H",1.274,6.048,11.556,"H","No",66,23,25,19,23,34,2.05,1.32,1.04,1.76,116,-34,0
"804","H",2.75,3.188,2.788,"H","No",33,40,33,34,48,40,1.01,1.37,1.32,1.42,-35,-6,0
"805","H",2.038,3.414,3.976,"H","No",36,40,23,29,55,45,1.19,1.14,1.45,1.37,-29,-26,0
"806","H",1.686,3.738,5.534,"H","No",48,40,25,24,41,50,1.35,1.17,1.07,1.5,32,-38,0
"807","H",1.322,5.464,9.902,"H","No",64,22,28,35,21,57,1.88,0.95,0.99,1.61,100,-76,0
"808","H",5.76,4.084,1.618,"A","Yes",23,57,16,34,37,23,1.05,1.45,1.55,0.89,-38,64,1
"809","H",2.38,3.426,3.112,"H","No",64,68,26,26,23,20,1.86,1.9,1.02,1.04,95,99,0
"810","H",3.618,3.454,2.12,"A","Yes",23,40,19,35,34,39,1.32,1.48,1.76,1.31,-34,20,1
"811","H",1.228,6.6,13.708,"H","No",56,17,30,18,28,40,1.69,0.92,1.23,1.71,53,-59,0
"812","H",1.704,3.892,5.288,"H","No",57,46,34,28,23,40,1.45,1.42,0.89,1.35,64,8,0
"813","A",3.816,3.476,2.05,"A","No",5,64,13,28,20,21,0.71,1.88,1.39,0.99,-26,100,0
"814","D",2.34,3.28,3.28,"H","Yes",40,33,29,33,45,48,1.14,1.01,1.37,1.32,-26,-35,1
"815","A",2.828,3.26,2.644,"A","No",22,36,35,23,57,55,0.95,1.19,1.61,1.45,-76,-29,0
"816","A",8.39,5.172,1.38,"A","No",40,66,24,25,50,23,1.17,2.05,1.5,1.04,-38,116,0
"817","A",2.786,3.3,2.694,"A","No",40,48,34,25,40,41,1.37,1.35,1.42,1.07,-6,32,0
"818","H",2.888,3.222,2.642,"A","Yes",18,23,19,16,39,37,0.88,1.05,1.42,1.55,-41,-38,1
"819","D",1.734,3.84,5.01,"H","Yes",40,36,35,23,39,55,1.48,1.19,1.31,1.45,20,-29,1
"820","A",7.136,4.446,1.486,"A","No",17,68,18,26,40,20,0.92,1.9,1.71,1.04,-59,99,0
"821","D",2.464,3.218,3.132,"H","Yes",22,33,35,33,57,48,0.95,1.01,1.61,1.32,-76,-35,1
"822","A",7.588,4.684,1.444,"A","No",40,56,24,30,50,28,1.17,1.69,1.5,1.23,-38,53,0
"823","D",2.336,3.254,3.314,"H","Yes",23,23,16,19,37,34,1.05,1.32,1.55,1.76,-38,-34,1
"824","D",2.176,3.39,3.552,"H","Yes",40,5,34,13,40,20,1.37,0.71,1.42,1.39,-6,-26,1
"825","A",8.834,4.936,1.388,"A","No",18,64,19,26,39,23,0.88,1.86,1.42,1.02,-41,95,0
"826","D",2.208,3.37,3.486,"H","Yes",46,48,28,25,40,41,1.42,1.35,1.35,1.07,8,32,1
"827","D",1.328,5.542,9.762,"H","Yes",57,40,34,29,23,45,1.45,1.14,0.89,1.37,64,-26,1
"828","H",3.088,3.428,2.386,"A","Yes",64,66,28,25,21,23,1.88,2.05,0.99,1.04,100,116,1
"829","H",1.274,6.13,11.36,"H","No",64,40,26,24,23,50,1.86,1.17,1.02,1.5,95,-38,0
"830","H",1.836,3.522,4.77,"H","No",23,17,19,18,34,40,1.32,0.92,1.76,1.71,-34,-59,0
"831","H",1.578,4.252,6.05,"H","No",68,46,26,28,20,40,1.9,1.42,1.04,1.35,99,8,0
"832","A",2.118,3.474,3.592,"H","Yes",36,40,23,34,55,40,1.19,1.37,1.45,1.42,-29,-6,1
"833","D",1.49,4.636,6.754,"H","Yes",66,40,25,35,23,39,2.05,1.48,1.04,1.31,116,20,1
"834","H",2.006,3.502,3.968,"H","No",40,22,29,35,45,57,1.14,0.95,1.37,1.61,-26,-76,0
"835","D",5.25,3.742,1.724,"A","Yes",33,64,33,28,48,21,1.01,1.88,1.32,0.99,-35,100,1
"836","A",2.256,3.244,3.492,"H","Yes",5,23,13,16,20,37,0.71,1.05,1.39,1.55,-26,-38,1
"837","H",1.398,4.748,9.082,"H","No",48,18,25,19,41,39,1.35,0.88,1.07,1.42,32,-41,0
"838","D",2.168,3.462,3.536,"H","Yes",56,57,30,34,28,23,1.69,1.45,1.23,0.89,53,64,1
"839","D",1.254,6.156,12.91,"H","Yes",64,5,26,13,23,20,1.86,0.71,1.02,1.39,95,-26,1
"840","D",4.044,3.56,1.974,"A","Yes",23,64,19,28,34,21,1.32,1.88,1.76,0.99,-34,100,1
"841","H",5.77,3.764,1.678,"A","Yes",18,40,19,35,39,39,0.88,1.48,1.42,1.31,-41,20,1
"842","A",2.982,3.27,2.532,"A","No",17,40,18,29,40,45,0.92,1.14,1.71,1.37,-59,-26,0
"843","H",2.042,3.428,3.9,"H","No",46,36,28,23,40,55,1.42,1.19,1.35,1.45,8,-29,0
"844","H",1.288,5.952,11.672,"H","No",56,33,30,33,28,48,1.69,1.01,1.23,1.32,53,-35,0
"845","D",2.338,3.29,3.284,"H","Yes",40,23,24,16,50,37,1.17,1.05,1.5,1.55,-38,-38,1
"846","H",1.7,3.844,5.314,"H","No",40,22,34,35,40,57,1.37,0.95,1.42,1.61,-6,-76,0
"847","H",2.218,3.312,3.606,"H","No",68,57,26,34,20,23,1.9,1.45,1.04,0.89,99,64,0
"848","D",1.5,4.486,6.96,"H","Yes",66,48,25,25,23,41,2.05,1.35,1.04,1.07,116,32,1
"849","A",4.94,3.904,1.74,"A","No",36,56,23,30,55,28,1.19,1.69,1.45,1.23,-29,53,0
"850","D",1.208,6.68,16.9,"H","Yes",57,18,34,19,23,39,1.45,0.88,0.89,1.42,64,-41,1
"851","H",2.504,3.13,3.138,"H","No",5,23,13,19,20,34,0.71,1.32,1.39,1.76,-26,-34,0
"852","A",8.15,5.03,1.404,"A","No",22,64,35,26,57,23,0.95,1.86,1.61,1.02,-76,95,0
"853","D",1.64,4.02,5.666,"H","Yes",64,46,28,28,21,40,1.88,1.42,0.99,1.35,100,8,1
"854","H",1.744,3.684,5.18,"H","No",23,17,16,18,37,40,1.05,0.92,1.55,1.71,-38,-59,0
"855","A",7.496,4.564,1.456,"A","No",33,66,33,25,48,23,1.01,2.05,1.32,1.04,-35,116,0
"856","H",1.798,3.778,4.67,"H","No",40,40,35,34,39,40,1.48,1.37,1.31,1.42,20,-6,0
"857","A",3.16,3.384,2.376,"A","No",48,68,25,26,41,20,1.35,1.9,1.07,1.04,32,99,0
"858","H",2.03,3.544,3.86,"H","No",40,40,29,24,45,50,1.14,1.17,1.37,1.5,-26,-38,0
"859","A",1.634,4.074,5.566,"H","Yes",23,22,19,35,34,57,1.32,0.95,1.76,1.61,-34,-76,1
"860","H",3.224,3.294,2.366,"A","Yes",18,36,19,23,39,55,0.88,1.19,1.42,1.45,-41,-29,1
"861","H",1.546,4.22,6.484,"H","No",68,40,26,35,20,39,1.9,1.48,1.04,1.31,99,20,0
"862","D",1.214,6.782,14.744,"H","Yes",66,5,25,13,23,20,2.05,0.71,1.04,1.39,116,-26,1
"863","D",2.01,3.518,3.906,"H","Yes",40,40,34,29,40,45,1.37,1.14,1.42,1.37,-6,-26,1
"864","D",1.96,3.538,4.09,"H","Yes",64,64,26,28,23,21,1.86,1.88,1.02,0.99,95,100,1
"865","H",5.556,3.816,1.68,"A","Yes",17,48,18,25,40,41,0.92,1.35,1.71,1.07,-59,32,1
"866","A",1.772,3.606,5.098,"H","Yes",46,33,28,33,40,48,1.42,1.01,1.35,1.32,8,-35,1
"867","H",1.286,5.938,11.06,"H","No",56,23,30,16,28,37,1.69,1.05,1.23,1.55,53,-38,0
"868","A",4.998,3.902,1.722,"A","No",40,57,24,34,50,23,1.17,1.45,1.5,0.89,-38,64,0
"869","A",6.406,4.4,1.524,"A","No",36,66,23,25,55,23,1.19,2.05,1.45,1.04,-29,116,0
"870","D",1.576,4.158,6.194,"H","Yes",40,40,35,24,39,50,1.48,1.17,1.31,1.5,20,-38,1
"871","D",2.562,3.336,2.884,"H","Yes",57,64,34,26,23,23,1.45,1.86,0.89,1.02,64,95,1
"872","D",3.424,3.512,2.176,"A","Yes",48,56,25,30,41,28,1.35,1.69,1.07,1.23,32,53,1
"873","A",2.222,3.376,3.458,"H","Yes",40,23,29,19,45,34,1.14,1.32,1.37,1.76,-26,-34,1
"874","H",2.132,3.34,3.736,"H","No",22,17,35,18,57,40,0.95,0.92,1.61,1.71,-76,-59,0
"875","H",1.53,4.306,6.79,"H","No",64,40,28,34,21,40,1.88,1.37,0.99,1.42,100,-6,0
"876","H",2.782,3.27,2.696,"A","Yes",23,46,16,28,37,40,1.05,1.42,1.55,1.35,-38,8,1
"877","A",6.616,4.136,1.55,"A","No",5,68,13,26,20,20,0.71,1.9,1.39,1.04,-26,99,0
"878","H",1.934,3.378,4.472,"H","No",33,18,33,19,48,39,1.01,0.88,1.32,1.42,-35,-41,0
"879","A",9.31,5.866,1.316,"A","No",18,66,19,25,39,23,0.88,2.05,1.42,1.04,-41,116,0
"880","H",1.756,3.752,5.028,"H","No",68,64,26,28,20,21,1.9,1.88,1.04,0.99,99,100,0
"881","D",3.03,3.206,2.546,"A","Yes",17,33,18,33,40,48,0.92,1.01,1.71,1.32,-59,-35,1
"882","D",1.868,3.55,4.53,"H","Yes",46,5,28,13,40,20,1.42,0.71,1.35,1.39,8,-26,1
"883","H",1.18,7.836,16.512,"H","No",56,22,30,35,28,57,1.69,0.95,1.23,1.61,53,-76,0
"884","H",2.574,3.294,2.902,"H","No",40,36,24,23,50,55,1.17,1.19,1.5,1.45,-38,-29,0
"885","H",1.4,5.018,8.11,"H","No",64,23,26,19,23,34,1.86,1.32,1.02,1.76,95,-34,0
"886","D",1.466,4.594,7.342,"H","Yes",57,40,34,34,23,40,1.45,1.37,0.89,1.42,64,-6,1
"887","H",2.148,3.37,3.636,"H","No",48,40,25,35,41,39,1.35,1.48,1.07,1.31,32,20,0
"888","A",2.378,3.294,3.194,"H","Yes",23,40,16,29,37,45,1.05,1.14,1.55,1.37,-38,-26,1
"889","H",3.326,3.338,2.288,"A","Yes",36,48,23,25,55,41,1.19,1.35,1.45,1.07,-29,32,1
"890","A",2.118,3.518,3.628,"H","Yes",66,68,25,26,23,20,2.05,1.9,1.04,1.04,116,99,1
"891","H",1.632,3.91,5.956,"H","No",40,18,29,19,45,39,1.14,0.88,1.37,1.42,-26,-41,0
"892","H",3.268,3.338,2.32,"A","Yes",22,46,35,28,57,40,0.95,1.42,1.61,1.35,-76,8,1
"893","H",1.348,5.35,9.278,"H","No",64,40,28,24,21,50,1.88,1.17,0.99,1.5,100,-38,0
"894","H",2.152,3.296,3.718,"H","No",33,23,33,16,48,37,1.01,1.05,1.32,1.55,-35,-38,0
"895","A",4.826,3.98,1.74,"A","No",40,64,34,26,40,23,1.37,1.86,1.42,1.02,-6,95,0
"896","H",4.806,3.882,1.75,"A","Yes",23,56,19,30,34,28,1.32,1.69,1.76,1.23,-34,53,1
"897","D",3.63,3.46,2.124,"A","Yes",40,57,35,34,39,23,1.48,1.45,1.31,0.89,20,64,1
"898","H",1.806,3.534,4.99,"H","No",5,17,13,18,20,40,0.71,0.92,1.39,1.71,-26,-59,0
"899","H",1.368,5.168,8.842,"H","No",64,40,26,29,23,45,1.86,1.14,1.02,1.37,95,-26,0
"900","H",3.346,3.41,2.252,"A","Yes",18,23,19,19,39,34,0.88,1.32,1.42,1.76,-41,-34,1
"901","D",3.296,3.304,2.344,"A","Yes",17,36,18,23,40,55,0.92,1.19,1.71,1.45,-59,-29,1
"902","H",5.016,3.92,1.716,"A","Yes",46,66,28,25,40,23,1.42,2.05,1.35,1.04,8,116,1
"903","H",2.148,3.44,3.556,"H","No",40,22,24,35,50,57,1.17,0.95,1.5,1.61,-38,-76,0
"904","H",3.04,3.358,2.43,"A","Yes",23,40,16,35,37,39,1.05,1.48,1.55,1.31,-38,20,1
"905","H",1.266,6.05,12.464,"H","No",68,33,26,33,20,48,1.9,1.01,1.04,1.32,99,-35,0
"906","D",1.296,5.908,10.446,"H","Yes",56,40,30,34,28,40,1.69,1.37,1.23,1.42,53,-6,1
"907","H",2.174,3.394,3.528,"H","No",57,64,34,28,23,21,1.45,1.88,0.89,0.99,64,100,0
"908","H",1.68,3.706,5.834,"H","No",48,5,25,13,41,20,1.35,0.71,1.07,1.39,32,-26,0
"909","H",2.396,3.394,3.076,"H","No",23,46,19,28,34,40,1.32,1.42,1.76,1.35,-34,8,0
"910","H",4.216,3.664,1.908,"A","Yes",40,64,35,26,39,23,1.48,1.86,1.31,1.02,20,95,1
"911","A",5.222,3.856,1.69,"A","No",36,57,23,34,55,23,1.19,1.45,1.45,0.89,-29,64,0
"912","H",1.268,6.18,11.25,"H","No",66,23,25,16,23,37,2.05,1.05,1.04,1.55,116,-38,0
"913","A",5.946,4.142,1.584,"A","No",5,56,13,30,20,28,0.71,1.69,1.39,1.23,-26,53,0
"914","D",3.058,3.21,2.476,"A","Yes",40,48,29,25,45,41,1.14,1.35,1.37,1.07,-26,32,1
"915","A",9.69,5.394,1.326,"A","No",22,68,35,26,57,20,0.95,1.9,1.61,1.04,-76,99,0
"916","H",1.232,6.42,13.3,"H","No",64,17,28,18,21,40,1.88,0.92,0.99,1.71,100,-59,0
"917","H",2.012,3.44,3.928,"H","No",33,40,33,24,48,50,1.01,1.17,1.32,1.5,-35,-38,0
"918","H",1.648,3.946,5.514,"H","No",40,18,34,19,40,39,1.37,0.88,1.42,1.42,-6,-41,0
"919","A",6.17,4.16,1.576,"A","No",36,68,23,26,55,20,1.19,1.9,1.45,1.04,-29,99,0
"920","H",2.084,3.404,3.83,"H","No",5,40,13,24,20,50,0.71,1.17,1.39,1.5,-26,-38,0
"921","D",2.548,3.35,2.902,"H","Yes",40,46,29,28,45,40,1.14,1.42,1.37,1.35,-26,8,1
"922","H",2.594,3.256,2.9,"H","No",22,23,35,16,57,37,0.95,1.05,1.61,1.55,-76,-38,0
"923","A",5.366,3.674,1.728,"A","No",33,57,33,34,48,23,1.01,1.45,1.32,0.89,-35,64,0
"924","H",1.642,4.018,5.6,"H","No",40,17,34,18,40,40,1.37,0.92,1.42,1.71,-6,-59,0
"925","A",2.87,3.256,2.622,"A","No",23,48,19,25,34,41,1.32,1.35,1.76,1.07,-34,32,0
"926","H",2.156,3.522,3.5,"H","No",66,64,25,26,23,23,2.05,1.86,1.04,1.02,116,95,0
"927","H",1.222,6.77,13.8,"H","No",64,18,28,19,21,39,1.88,0.88,0.99,1.42,100,-41,0
"928","A",4.074,3.61,1.94,"A","No",40,56,35,30,39,28,1.48,1.69,1.31,1.23,20,53,0
"929","H",1.328,5.276,9.364,"H","No",64,33,26,33,23,48,1.86,1.01,1.02,1.32,95,-35,0
"930","H",2.892,3.116,2.588,"A","Yes",18,5,19,13,39,20,0.88,0.71,1.42,1.39,-41,-26,1
"931","H",1.378,4.802,8.554,"H","No",68,23,26,19,20,34,1.9,1.32,1.04,1.76,99,-34,0
"932","A",9.272,5.414,1.32,"A","No",17,66,18,25,40,23,0.92,2.05,1.71,1.04,-59,116,0
"933","A",2.434,3.296,2.962,"H","Yes",46,40,28,35,40,39,1.42,1.48,1.35,1.31,8,20,1
"934","H",1.22,6.38,13.6,"H","No",57,22,34,35,23,57,1.45,0.95,0.89,1.61,64,-76,0
"935","A",2.608,3.276,2.746,"H","Yes",40,40,24,34,50,40,1.17,1.37,1.5,1.42,-38,-6,1
"936","D",2.428,3.272,2.98,"H","Yes",23,36,16,23,37,55,1.05,1.19,1.55,1.45,-38,-29,1
"937","H",1.298,5.63,9.904,"H","No",56,40,30,29,28,45,1.69,1.14,1.23,1.37,53,-26,0
"938","A",2.858,3.23,2.55,"A","No",48,64,25,28,41,21,1.35,1.88,1.07,0.99,32,100,0
"939","D",4.232,3.466,1.954,"A","Yes",17,40,18,35,40,39,0.92,1.48,1.71,1.31,-59,20,1
"940","H",2.382,3.242,3.222,"H","No",18,22,19,35,39,57,0.88,0.95,1.42,1.61,-41,-76,0
"941","H",1.262,6.04,12.37,"H","No",68,40,26,29,20,45,1.9,1.14,1.04,1.37,99,-26,0
"942","H",2.09,3.512,3.62,"H","No",46,40,28,34,40,40,1.42,1.37,1.35,1.42,8,-6,0
"943","H",2.344,3.504,3.046,"H","No",56,66,30,25,28,23,1.69,2.05,1.23,1.04,53,116,0
"944","H",1.254,5.9,14.09,"H","No",57,5,34,13,23,20,1.45,0.71,0.89,1.39,64,-26,0
"945","A",1.742,3.598,5.36,"H","Yes",48,33,25,33,41,48,1.35,1.01,1.07,1.32,32,-35,1
"946","A",2.786,3.418,2.586,"A","No",40,23,24,19,50,34,1.17,1.32,1.5,1.76,-38,-34,0
"947","H",1.312,5.52,9.63,"H","No",64,36,26,23,23,55,1.86,1.19,1.02,1.45,95,-29,0
"948","A",5.492,3.798,1.66,"A","No",23,64,16,28,37,21,1.05,1.88,1.55,0.99,-38,100,0
"949","H",2.186,3.326,3.51,"H","No",40,48,35,25,39,41,1.48,1.35,1.31,1.07,20,32,0
"950","H",1.168,8.01,17.7,"H","No",66,18,25,19,23,39,2.05,0.88,1.04,1.42,116,-41,0
"951","D",2.664,3.132,2.862,"H","Yes",5,46,13,28,20,40,0.71,1.42,1.39,1.35,-26,8,1
"952","D",9.39,5.22,1.352,"A","Yes",22,56,35,30,57,28,0.95,1.69,1.61,1.23,-76,53,1
"953","H",1.728,3.644,5.306,"H","No",33,17,33,18,48,40,1.01,0.92,1.32,1.71,-35,-59,0
"954","A",5.504,3.926,1.648,"A","No",40,57,34,34,40,23,1.37,1.45,1.42,0.89,-6,64,0
"955","D",4.39,3.664,1.82,"A","Yes",23,64,19,26,34,23,1.32,1.86,1.76,1.02,-34,95,1
"956","A",1.776,3.594,4.75,"H","Yes",36,40,23,24,55,50,1.19,1.17,1.45,1.5,-29,-38,1
"957","H",1.888,3.476,4.34,"H","No",40,23,29,16,45,37,1.14,1.05,1.37,1.55,-26,-38,0
"958","H",2.804,3.3,2.574,"A","Yes",64,68,28,26,21,20,1.88,1.9,0.99,1.04,100,99,1
"959","H",3.49,3.32,2.22,"A","Yes",18,48,19,25,39,41,0.88,1.35,1.42,1.07,-41,32,1
"960","H",3.238,3.444,2.28,"A","Yes",17,23,18,19,40,34,0.92,1.32,1.71,1.76,-59,-34,1
"961","A",5.77,3.932,1.634,"A","No",46,68,28,26,40,20,1.42,1.9,1.35,1.04,8,99,0
"962","A",2.958,3.32,2.512,"A","No",22,40,35,29,57,45,0.95,1.14,1.61,1.37,-76,-26,0
"963","A",6.558,4.552,1.502,"A","No",40,64,24,26,50,23,1.17,1.86,1.5,1.02,-38,95,0
"964","H",1.332,5.312,10.412,"H","No",64,33,28,33,21,48,1.88,1.01,0.99,1.32,100,-35,0
"965","D",2.462,3.196,3.14,"H","Yes",23,5,16,13,37,20,1.05,0.71,1.55,1.39,-38,-26,1
"966","H",2.348,3.332,3.2,"H","No",40,36,34,23,40,55,1.37,1.19,1.42,1.45,-6,-29,0
"967","H",4.374,3.79,1.83,"A","Yes",40,66,35,25,39,23,1.48,2.05,1.31,1.04,20,116,1
"968","D",2.172,3.318,3.636,"H","Yes",57,56,34,30,23,28,1.45,1.69,0.89,1.23,64,53,1
"969","D",1.844,3.664,4.496,"H","Yes",23,23,19,16,34,37,1.32,1.05,1.76,1.55,-34,-38,1
"970","A",3.168,3.4,2.346,"A","No",36,40,23,35,55,39,1.19,1.48,1.45,1.31,-29,20,0
"971","A",1.212,7.01,14,"H","Yes",56,40,30,24,28,50,1.69,1.17,1.23,1.5,53,-38,1
"972","D",2.126,3.464,3.59,"H","Yes",66,64,25,28,23,21,2.05,1.88,1.04,0.99,116,100,1
"973","A",2.464,3.174,3.156,"H","Yes",5,40,13,34,20,40,0.71,1.37,1.39,1.42,-26,-6,1
"974","D",5.906,4.056,1.606,"A","Yes",40,57,29,34,45,23,1.14,1.45,1.37,0.89,-26,64,1
"975","H",1.688,3.802,5.486,"H","No",33,22,33,35,48,57,1.01,0.95,1.32,1.61,-35,-76,0
"976","H",1.204,7.11,15.14,"H","No",64,18,26,19,23,39,1.86,0.88,1.02,1.42,95,-41,0
"977","H",1.17,7.85,17.7,"H","No",68,17,26,18,20,40,1.9,0.92,1.04,1.71,99,-59,0
"978","H",1.874,3.476,4.7,"H","No",48,46,25,28,41,40,1.35,1.42,1.07,1.35,32,8,0
"979","A",1.224,6.684,13.628,"H","Yes",64,23,26,16,23,37,1.86,1.05,1.02,1.55,95,-38,1
"980","A",2.084,3.444,3.716,"H","Yes",23,36,19,23,34,55,1.32,1.19,1.76,1.45,-34,-29,1
"981","H",2.828,3.248,2.67,"A","Yes",18,46,19,28,39,40,0.88,1.42,1.42,1.35,-41,8,1
"982","D",2.616,3.266,2.89,"H","Yes",56,68,30,26,28,20,1.69,1.9,1.23,1.04,53,99,1
"983","D",2.676,3.06,2.972,"H","Yes",5,33,13,33,20,48,0.71,1.01,1.39,1.32,-26,-35,1
"984","D",8.926,5.142,1.366,"A","Yes",22,64,35,28,57,21,0.95,1.88,1.61,0.99,-76,100,1
"985","H",3.278,3.364,2.302,"A","Yes",40,48,24,25,50,41,1.17,1.35,1.5,1.07,-38,32,1
"986","D",1.192,7.276,16.202,"H","Yes",57,17,34,18,23,40,1.45,0.92,0.89,1.71,64,-59,1
"987","D",2.776,3.33,2.61,"A","Yes",40,40,29,35,45,39,1.14,1.48,1.37,1.31,-26,20,1
"988","A",5.688,4.342,1.574,"A","No",40,66,34,25,40,23,1.37,2.05,1.42,1.04,-6,116,0
"989","H",1.978,3.536,4.024,"H","No",68,64,26,26,20,23,1.9,1.86,1.04,1.02,99,95,0
"990","A",1.71,3.782,5.284,"H","Yes",36,22,23,35,55,57,1.19,0.95,1.45,1.61,-29,-76,1
"991","H",1.708,3.88,5.118,"H","No",40,23,35,19,39,34,1.48,1.32,1.31,1.76,20,-34,0
"992","H",7.326,4.468,1.476,"A","Yes",17,56,18,30,40,28,0.92,1.69,1.71,1.23,-59,53,1
"993","A",1.836,3.624,4.548,"H","Yes",48,40,25,34,41,40,1.35,1.37,1.07,1.42,32,-6,1
"994","H",1.278,5.79,12.39,"H","No",64,5,28,13,21,20,1.88,0.71,0.99,1.39,100,-26,0
"995","H",2.114,3.306,3.81,"H","No",23,18,16,19,37,39,1.05,0.88,1.55,1.42,-38,-41,0
"996","H",2.272,3.258,3.436,"H","No",33,40,33,29,48,45,1.01,1.14,1.32,1.37,-35,-26,0
"997","A",5.49,3.828,1.674,"A","No",46,57,28,34,40,23,1.42,1.45,1.35,0.89,8,64,0
"998","H",1.224,6.86,13.12,"H","No",66,40,25,24,23,50,2.05,1.17,1.04,1.5,116,-38,0
"999","H",1.28,5.84,11.288,"H","No",64,17,26,18,23,40,1.86,0.92,1.02,1.71,95,-59,0
"1000","H",2.224,3.362,3.392,"H","No",56,64,30,28,28,21,1.69,1.88,1.23,0.99,53,100,0
"1001","H",1.258,6.14,12.4,"H","No",57,23,34,16,23,37,1.45,1.05,0.89,1.55,64,-38,0
"1002","D",3.74,3.3,2.116,"A","Yes",5,40,13,35,20,39,0.71,1.48,1.39,1.31,-26,20,1
"1003","H",2.096,3.314,3.772,"H","No",40,36,29,23,45,55,1.14,1.19,1.37,1.45,-26,-29,0
"1004","A",3.684,3.418,2.084,"A","No",22,48,35,25,57,41,0.95,1.35,1.61,1.07,-76,32,0
"1005","D",2.196,3.27,3.55,"H","Yes",40,33,34,33,40,48,1.37,1.01,1.42,1.32,-6,-35,1
"1006","D",8.168,4.692,1.412,"A","Yes",18,68,19,26,39,20,0.88,1.9,1.42,1.04,-41,99,1
"1007","H",2.388,3.25,3.13,"H","No",40,46,24,28,50,40,1.17,1.42,1.5,1.35,-38,8,0
"1008","A",6.944,4.7,1.456,"A","No",23,66,19,25,34,23,1.32,2.05,1.76,1.04,-34,116,0
"1009","H",1.242,6.352,13.382,"H","No",68,40,26,24,20,50,1.9,1.17,1.04,1.5,99,-38,0
"1010","H",2.094,3.186,4.034,"H","No",36,5,23,13,55,20,1.19,0.71,1.45,1.39,-29,-26,0
"1011","H",1.416,4.836,7.922,"H","No",40,22,35,35,39,57,1.48,0.95,1.31,1.61,20,-76,0
"1012","D",2.17,3.244,3.692,"H","Yes",17,18,18,19,40,39,0.92,0.88,1.71,1.42,-59,-41,1
"1013","D",2.582,3.232,2.88,"H","Yes",23,40,16,34,37,40,1.05,1.37,1.55,1.42,-38,-6,1
"1014","H",2.042,3.408,3.906,"H","No",33,23,33,19,48,34,1.01,1.32,1.32,1.76,-35,-34,0
"1015","H",1.414,4.788,7.948,"H","No",64,40,28,29,21,45,1.88,1.14,0.99,1.37,100,-26,0
"1016","H",5.45,4.034,1.636,"A","Yes",46,56,28,30,40,28,1.42,1.69,1.35,1.23,8,53,1
"1017","H",1.834,3.53,4.634,"H","No",46,17,28,18,40,40,1.42,0.92,1.35,1.71,8,-59,0
"1018","H",2.078,3.462,3.646,"H","No",56,64,30,26,28,23,1.69,1.86,1.23,1.02,53,95,0
"1019","D",1.244,6.31,13.35,"H","Yes",57,23,34,19,23,34,1.45,1.32,0.89,1.76,64,-34,1
"1020","H",1.962,3.32,4.312,"H","No",40,5,29,13,45,20,1.14,0.71,1.37,1.39,-26,-26,0
"1021","H",1.99,3.39,4.094,"H","No",40,18,24,19,50,39,1.17,0.88,1.5,1.42,-38,-41,0
"1022","A",3.438,3.306,2.222,"A","No",23,48,16,25,37,41,1.05,1.35,1.55,1.07,-38,32,0
"1023","A",2.156,3.236,3.708,"H","Yes",33,36,33,23,48,55,1.01,1.19,1.32,1.45,-35,-29,1
"1024","A",10.262,6.02,1.292,"A","No",22,66,35,25,57,23,0.95,2.05,1.61,1.04,-76,116,0
"1025","H",1.646,3.974,5.476,"H","No",64,40,28,35,21,39,1.88,1.48,0.99,1.31,100,20,0
"1026","A",5.69,4.06,1.614,"A","No",40,68,34,26,40,20,1.37,1.9,1.42,1.04,-6,99,0
"1027","D",1.238,6.46,13.12,"H","Yes",66,40,25,29,23,45,2.05,1.14,1.04,1.37,116,-26,1
"1028","H",2.554,3.38,2.808,"H","No",23,40,19,34,34,40,1.32,1.37,1.76,1.42,-34,-6,0
"1029","H",1.644,3.788,5.76,"H","No",40,33,35,33,39,48,1.48,1.01,1.31,1.32,20,-35,0
"1030","H",2.526,3.228,2.966,"H","No",17,40,18,24,40,50,0.92,1.17,1.71,1.5,-59,-38,0
"1031","H",1.234,6.35,13.3,"H","No",56,18,30,19,28,39,1.69,0.88,1.23,1.42,53,-41,0
"1032","H",2.16,3.402,3.51,"H","No",23,40,19,24,34,50,1.32,1.17,1.76,1.5,-34,-38,0
"1033","H",1.932,3.43,4.342,"H","No",36,23,23,16,55,37,1.19,1.05,1.45,1.55,-29,-38,0
"1034","H",1.516,4.258,6.78,"H","No",40,17,35,18,39,40,1.48,0.92,1.31,1.71,20,-59,0
"1035","A",5.918,3.948,1.616,"A","No",40,68,29,26,45,20,1.14,1.9,1.37,1.04,-26,99,0
"1036","D",2.524,3.206,2.968,"H","Yes",22,18,35,19,57,39,0.95,0.88,1.61,1.42,-76,-41,1
"1037","H",5.022,3.884,1.712,"A","Yes",33,64,33,26,48,23,1.01,1.86,1.32,1.02,-35,95,1
"1038","A",2.266,3.408,3.246,"H","Yes",40,46,34,28,40,40,1.37,1.42,1.42,1.35,-6,8,1
"1039","D",1.948,3.626,3.91,"H","Yes",66,56,25,30,23,28,2.05,1.69,1.04,1.23,116,53,1
"1040","A",5.704,3.72,1.672,"A","No",5,57,13,34,20,23,0.71,1.45,1.39,0.89,-26,64,0
"1041","H",1.694,3.794,5.306,"H","No",64,48,28,25,21,41,1.88,1.35,0.99,1.07,100,32,0
"1042","A",5.564,3.792,1.674,"A","No",18,64,19,28,39,21,0.88,1.88,1.42,0.99,-41,100,0
"1043","A",1.28,5.73,11.7,"H","Yes",68,36,26,23,20,55,1.9,1.19,1.04,1.45,99,-29,1
"1044","H",2.444,3.334,2.99,"H","No",17,40,18,34,40,40,0.92,1.37,1.71,1.42,-59,-6,0
"1045","H",2.004,3.436,3.96,"H","No",46,40,28,29,40,45,1.42,1.14,1.35,1.37,8,-26,0
"1046","H",1.69,3.894,5.16,"H","No",56,40,30,35,28,39,1.69,1.48,1.23,1.31,53,20,0
"1047","D",1.35,5.01,9.81,"H","Yes",57,33,34,33,23,48,1.45,1.01,0.89,1.32,64,-35,1
"1048","D",1.632,3.946,5.654,"H","Yes",48,23,25,19,41,34,1.35,1.32,1.07,1.76,32,-34,1
"1049","H",1.84,3.574,4.554,"H","No",23,22,16,35,37,57,1.05,0.95,1.55,1.61,-38,-76,0
"1050","D",3.084,3.634,2.266,"A","Yes",64,66,26,25,23,23,1.86,2.05,1.02,1.04,95,116,1
"1051","D",1.968,3.376,4.2,"H","Yes",40,5,24,13,50,20,1.17,0.71,1.5,1.39,-38,-26,1
"1052","H",2.436,3.134,3.246,"H","No",18,40,19,29,39,45,0.88,1.14,1.42,1.37,-41,-26,0
"1053","H",1.458,4.448,7.734,"H","No",46,22,28,35,40,57,1.42,0.95,1.35,1.61,8,-76,0
"1054","D",1.562,4.086,6.49,"H","Yes",57,40,34,35,23,39,1.45,1.48,0.89,1.31,64,20,1
"1055","H",2.512,3.192,3.058,"H","No",23,33,16,33,37,48,1.05,1.01,1.55,1.32,-38,-35,0
"1056","H",1.388,5.124,7.778,"H","No",64,40,26,34,23,40,1.86,1.37,1.02,1.42,95,-6,0
"1057","H",2.322,3.462,3.096,"H","No",68,66,26,25,20,23,1.9,2.05,1.04,1.04,99,116,0
"1058","H",2.066,3.274,3.94,"H","No",17,5,18,13,40,20,0.92,0.71,1.71,1.39,-59,-26,0
"1059","D",1.356,5.262,8.74,"H","Yes",56,23,30,19,28,34,1.69,1.32,1.23,1.76,53,-34,1
"1060","H",1.814,3.6,4.672,"H","No",48,36,25,23,41,55,1.35,1.19,1.07,1.45,32,-29,0
"1061","A",5.076,3.864,1.7,"A","No",40,64,24,28,50,21,1.17,1.88,1.5,0.99,-38,100,0
"1062","A",6.21,4.072,1.572,"A","No",23,68,19,26,34,20,1.32,1.9,1.76,1.04,-34,99,0
"1063","H",1.196,7.37,14.77,"H","No",66,17,25,18,23,40,2.05,0.92,1.04,1.71,116,-59,0
"1064","D",2.43,3.13,3.23,"H","Yes",5,18,13,19,20,39,0.71,0.88,1.39,1.42,-26,-41,1
"1065","A",4.032,3.632,1.92,"A","No",40,56,29,30,45,28,1.14,1.69,1.37,1.23,-26,53,0
"1066","H",1.254,6.12,12.6,"H","No",64,23,28,16,21,37,1.88,1.05,0.99,1.55,100,-38,0
"1067","A",2.982,3.262,2.484,"A","No",33,48,33,25,48,41,1.01,1.35,1.32,1.07,-35,32,0
"1068","H",2.078,3.478,3.644,"H","No",40,40,34,24,40,50,1.37,1.17,1.42,1.5,-6,-38,0
"1069","H",1.722,3.816,5,"H","No",40,46,35,28,39,40,1.48,1.42,1.31,1.35,20,8,0
"1070","A",9.404,5.074,1.36,"A","No",22,57,35,34,57,23,0.95,1.45,1.61,0.89,-76,64,0
"1071","H",4.494,3.832,1.786,"A","Yes",36,64,23,26,55,23,1.19,1.86,1.45,1.02,-29,95,1
"1072","D",1.772,3.63,4.7,"H","Yes",36,46,23,28,55,40,1.19,1.42,1.45,1.35,-29,8,1
"1073","H",1.426,4.48,7.684,"H","No",40,18,35,19,39,39,1.48,0.88,1.31,1.42,20,-41,0
"1074","A",4.538,3.88,1.732,"A","No",48,66,25,25,41,23,1.35,2.05,1.07,1.04,32,116,0
"1075","H",1.92,3.408,4.12,"H","No",40,17,29,18,45,40,1.14,0.92,1.37,1.71,-26,-59,0
"1076","D",3.178,3.398,2.246,"A","Yes",22,40,35,34,57,40,0.95,1.37,1.61,1.42,-76,-6,1
"1077","H",1.254,6.084,10.99,"H","No",64,23,28,19,21,34,1.88,1.32,0.99,1.76,100,-34,0
"1078","H",2.424,3.28,2.95,"H","No",23,40,16,24,37,50,1.05,1.17,1.55,1.5,-38,-38,0
"1079","H",2.594,3.16,2.82,"H","No",57,68,34,26,23,20,1.45,1.9,0.89,1.04,64,99,0
"1080","A",4.218,3.66,1.836,"A","No",33,56,33,30,48,28,1.01,1.69,1.32,1.23,-35,53,0
"1081","A",6.434,4.098,1.532,"A","No",5,64,13,26,20,23,0.71,1.86,1.39,1.02,-26,95,0
"1082","H",1.87,3.668,4.238,"H","No",23,5,19,13,34,20,1.32,0.71,1.76,1.39,-34,-26,0
"1083","H",1.88,3.6,4.26,"H","No",17,23,18,16,40,37,0.92,1.05,1.71,1.55,-59,-38,0
"1084","H",2.15,3.376,3.556,"H","No",40,40,24,29,50,45,1.17,1.14,1.5,1.37,-38,-26,0
"1085","D",3.294,3.516,2.202,"A","Yes",40,40,34,35,40,39,1.37,1.48,1.42,1.31,-6,20,1
"1086","A",5.59,3.886,1.65,"A","No",18,57,19,34,39,23,0.88,1.45,1.42,0.89,-41,64,0
"1087","A",1.482,4.578,6.866,"H","Yes",56,36,30,23,28,55,1.69,1.19,1.23,1.45,53,-29,1
"1088","H",1.432,4.51,7.972,"H","No",68,48,26,25,20,41,1.9,1.35,1.04,1.07,99,32,0
"1089","H",1.586,4.38,5.46,"H","No",64,46,26,28,23,40,1.86,1.42,1.02,1.35,95,8,0
"1090","A",5.226,4.084,1.648,"A","No",36,64,23,28,55,21,1.19,1.88,1.45,0.99,-29,100,0
"1091","H",2.196,3.368,3.436,"H","No",5,22,13,35,20,57,0.71,0.95,1.39,1.61,-26,-76,0
"1092","D",1.884,3.654,4.184,"H","Yes",66,57,25,34,23,23,2.05,1.45,1.04,0.89,116,64,1
"1093","A",1.786,3.566,4.724,"H","Yes",36,18,23,19,55,39,1.19,0.88,1.45,1.42,-29,-41,1
"1094","D",1.644,3.872,5.324,"H","Yes",48,17,25,18,41,40,1.35,0.92,1.07,1.71,32,-59,1
"1095","D",2.096,3.37,3.55,"H","Yes",40,40,29,34,45,40,1.14,1.37,1.37,1.42,-26,-6,1
"1096","A",2.974,3.48,2.344,"A","No",22,23,35,19,57,34,0.95,1.32,1.61,1.76,-76,-34,0
"1097","A",2.468,3.396,2.798,"H","Yes",33,46,33,28,48,40,1.01,1.42,1.32,1.35,-35,8,1
"1098","A",3.644,3.514,2.016,"A","No",40,68,35,26,39,20,1.48,1.9,1.31,1.04,20,99,0
"1099","D",1.332,4.928,9.112,"H","Yes",57,40,34,24,23,50,1.45,1.17,0.89,1.5,64,-38,1
"1100","D",10.578,5.436,1.284,"A","Yes",5,66,13,25,20,23,0.71,2.05,1.39,1.04,-26,116,1
"1101","H",1.882,3.738,3.95,"H","No",64,64,28,26,21,23,1.88,1.86,0.99,1.02,100,95,0
"1102","A",5.972,4.32,1.518,"A","No",23,56,16,30,37,28,1.05,1.69,1.55,1.23,-38,53,0
"1103","H",8.38,5.09,1.386,"A","Yes",40,64,34,28,40,21,1.37,1.88,1.42,0.99,-6,100,1
"1104","D",2.198,3.5,3.374,"H","Yes",23,40,19,29,34,45,1.32,1.14,1.76,1.37,-34,-26,1
"1105","D",2.182,3.3,3.648,"H","Yes",18,33,19,33,39,48,0.88,1.01,1.42,1.32,-41,-35,1
"1106","A",1.444,4.576,7.458,"H","Yes",17,22,18,35,40,57,0.92,0.95,1.71,1.61,-59,-76,1
"1107","H",1.576,4.032,6.376,"H","No",46,23,28,16,40,37,1.42,1.05,1.35,1.55,8,-38,0
"1108","H",1.28,6.22,10.55,"H","No",66,36,25,23,23,55,2.05,1.19,1.04,1.45,116,-29,0
"1109","H",2.712,3.476,2.586,"A","Yes",40,40,24,35,50,39,1.17,1.48,1.5,1.31,-38,20,1
"1110","H",1.93,3.624,4.126,"H","No",64,57,26,34,23,23,1.86,1.45,1.02,0.89,95,64,0
"1111","D",1.58,4.122,6.024,"H","Yes",56,48,30,25,28,41,1.69,1.35,1.23,1.07,53,32,1
"1112","H",1.164,7.958,17.444,"H","No",68,5,26,13,20,20,1.9,0.71,1.04,1.39,99,-26,0
"1113","A",3.578,3.66,2.024,"A","No",48,64,25,26,41,23,1.35,1.86,1.07,1.02,32,95,0
"1114","H",1.46,4.498,7.36,"H","No",40,23,35,16,39,37,1.48,1.05,1.31,1.55,20,-38,0
"1115","A",9.33,5.22,1.352,"A","No",33,68,33,26,48,20,1.01,1.9,1.32,1.04,-35,99,0
"1116","H",1.92,3.602,4.036,"H","No",23,18,19,19,34,39,1.32,0.88,1.76,1.42,-34,-41,0
"1117","H",1.256,6.4,12.1,"H","No",66,46,25,28,23,40,2.05,1.42,1.04,1.35,116,8,0
"1118","A",3.922,3.516,1.986,"A","No",5,48,13,25,20,41,0.71,1.35,1.39,1.07,-26,32,0
"1119","A",4.582,4.032,1.726,"A","No",40,64,29,26,45,23,1.14,1.86,1.37,1.02,-26,95,0
"1120","A",4.116,3.738,1.886,"A","No",22,40,35,24,57,50,0.95,1.17,1.61,1.5,-76,-38,0
"1121","H",2.032,3.506,3.738,"H","No",36,17,23,18,55,40,1.19,0.92,1.45,1.71,-29,-59,0
"1122","H",1.724,3.888,5,"H","No",64,57,28,34,21,23,1.88,1.45,0.99,0.89,100,64,0
"1123","A",5.174,3.95,1.68,"A","No",40,56,34,30,40,28,1.37,1.69,1.42,1.23,-6,53,0
"1124","H",1.266,6.42,11.5,"H","No",68,23,26,16,20,37,1.9,1.05,1.04,1.55,99,-38,0
"1125","H",1.1,11.224,25.898,"H","No",64,22,26,35,23,57,1.86,0.95,1.02,1.61,95,-76,0
"1126","H",1.14,8.778,21.82,"H","No",66,33,25,33,23,48,2.05,1.01,1.04,1.32,116,-35,0
"1127","D",2.622,3.306,2.8,"H","Yes",48,57,25,34,41,23,1.35,1.45,1.07,0.89,32,64,1
"1128","A",4.224,3.716,1.876,"A","No",46,64,28,28,40,21,1.42,1.88,1.35,0.99,8,100,0
"1129","H",1.42,4.838,7.35,"H","No",64,40,26,35,23,39,1.86,1.48,1.02,1.31,95,20,0
"1130","A",2.406,3.42,2.992,"H","Yes",18,40,19,34,39,40,0.88,1.37,1.42,1.42,-41,-6,1
"1131","H",1.156,8.052,18.504,"H","No",68,22,26,35,20,57,1.9,0.95,1.04,1.61,99,-76,0
"1132","A",6.362,4.418,1.536,"A","No",17,64,18,28,40,21,0.92,1.88,1.71,0.99,-59,100,0
"1133","D",1.934,3.68,3.98,"H","Yes",46,23,28,19,40,34,1.42,1.32,1.35,1.76,8,-34,1
"1134","H",1.13,8.712,23.564,"H","No",56,5,30,13,28,20,1.69,0.71,1.23,1.39,53,-26,0
"1135","H",2.478,3.33,2.958,"H","No",57,36,34,23,23,55,1.45,1.19,0.89,1.45,64,-29,0
"1136","A",1.756,3.79,4.726,"H","Yes",48,40,25,29,41,45,1.35,1.14,1.07,1.37,32,-26,1
"1137","H",2.05,3.476,3.724,"H","No",40,33,24,33,50,48,1.17,1.01,1.5,1.32,-38,-35,0
"1138","A",11.052,5.742,1.278,"A","No",23,66,16,25,37,23,1.05,2.05,1.55,1.04,-38,116,0
